3 0.2938611322811675 0.43546441495778043 0.05613457762793303 0.1302774427020507
2 0.28101104824585754 0.32267792521109767 0.0683083414508583 0.09529553679131482
2 0.4480621407048872 0.6097708082026538 0.061545139327011 0.1025331724969844
2 0.5545825741554831 0.6164053075995174 0.06357409996416508 0.09650180940892646
2 0.7737103229681372 0.22436670687575394 0.05816353826508717 0.10373944511459592
2 0.4429897391120016 0.9016887816646562 0.05816353826508724 0.1025331724969844
2 0.5488338398463476 0.9059107358262969 0.057487243060432236 0.10615199034981897
1 0.38922228222741523 0.5042219541616406 0.04260817338023834 0.045838359469240114
1 0.43521205666957724 0.4903498190591074 0.03855025210592991 0.049457177322074844
1 0.4798491906869697 0.49758745476477684 0.04396081380500782 0.05428226779252114
1 0.5123125843261841 0.4119420989143549 0.041255486065975566 0.05428226779252117
1 0.5836643432880266 0.5283474065138721 0.03922657231831472 0.045838359469239975
1 0.5998960283852602 0.8088057901085645 0.043284493592623076 0.047044632086851695
1 0.4947282322334675 0.8823884448724315 0.03990289878263202 0.0494572275011972
1 0.3760340380859128 0.7852834740651385 0.044637134017392555 0.048250904704463124
1 0.4237146130590366 0.5735826296743064 0.04125553295546887 0.049457177322074844
1 0.4737623087755071 0.583232810615199 0.04396081380500782 0.030156815440289576
