3 0.49236111461608734 0.41073582629674305 0.059516178689856786 0.11942098914354644
1 0.36724186594701264 0.5066344692893902 0.044637040238405506 0.053075934959962635
1 0.48965583376654837 0.49396863691194215 0.037873931893545106 0.03980699638118217
1 0.5123125608814371 0.5597104945717732 0.04125553295546887 0.0386007237635706
1 0.5583023353235991 0.5470446320868517 0.04260817338023834 0.039806996381182104
1 0.6333738788983047 0.6357056694813028 0.04125553295546894 0.04101326899879382
1 0.5407180160535284 0.629071170084439 0.04531344172591223 0.0398069963811821
1 0.49269927472227976 0.635102533172497 0.04125553295546887 0.04463208685162854
1 0.5965144273233366 0.7358262967430639 0.03922657231831472 0.04101326899879382
1 0.4747767890940843 0.8528347406513872 0.044637134017392555 0.04101326899879353
1 0.4020723662627252 0.8570566948130278 0.03719761168116037 0.047044632086851695
2 0.4453568598553483 0.6899879372738238 0.05478193720316362 0.10132689987937268
2 0.5508628129873671 0.6881785283474064 0.0574872180527025 0.09047044632086852
2 0.7710050421185983 0.3027744270205066 0.05951617868985665 0.1013268998793728
2 0.2786439478212916 0.39987937273823854 0.05545821677798724 0.10494571773220746
2 0.44265744582772 0.9589867310012063 0.0615568729708324 0.08202653799758736
2 0.5501923595968929 0.9632086851628469 0.06561479424514083 0.07358262967430633
