3 0.5958381024220025 0.6670687575392037 0.05410562636867732 0.1302774427020506
0 0.596852587429529 0.8106151990349819 0.03313969040685194 0.06272617611580217
1 0.42777253433334506 0.6405307599517491 0.03313969040685201 0.06513872135102539
1 0.3276771429004043 0.6055488540410132 0.02908176913254362 0.06996381182147168
2 0.49878614412987754 0.4951749095295536 0.060192523909971374 0.11218335343787691
1 0.42709621412096044 0.40289505428226774 0.030434409557313132 0.06272617611580217
1 0.37332875723637393 0.3347406513872135 0.0311107297696978 0.06393244873341378
1 0.6097026714648389 0.3902291917973462 0.02772912870777411 0.06393244873341374
1 0.6611030076060789 0.5180940892641737 0.03449233083162156 0.056694813027744144
1 0.6313449182611506 0.5965018094089265 0.029081769132543584 0.05910735826296744
1 0.719266545871166 0.4439083232810615 0.027729128707774178 0.06031363088057901
1 0.7138559841720883 0.3468033775633293 0.029081769132543657 0.06393244873341378
