3 0.49743351620897286 0.26236429433051867 0.06695570102608876 0.12424607961399275
1 0.4994624768461271 0.5319662243667068 0.04666609465454684 0.03618817852834738
1 0.6069973906153 0.6363088057901085 0.04937137550408565 0.047044632086851695
1 0.5528917736245211 0.721351025331725 0.04260817338023834 0.05066344993968642
1 0.4477239805986948 0.7237635705669482 0.0365212914687757 0.04101326899879382
1 0.4456950199615406 0.8202653799758747 0.047342414866931505 0.05066344993968627
1 0.5522154534121364 0.8154402895054282 0.04260817338023841 0.04825090470446327
1 0.6083500310400695 0.9173703256936068 0.04396081380500782 0.05669481302774429
1 0.3898986024397999 0.9191797346200241 0.04125553295546887 0.04101326899879368
1 0.3902367625459923 0.6308805790108565 0.047342414866931505 0.04825090470446327
2 0.2840544892015888 0.40530759951749096 0.06492674038893459 0.10373944511459583
2 0.7693142118909572 0.30458379580362616 0.0669557604194472 0.10977088848924949
2 0.44704766038631005 0.6924004825090471 0.05816353826508724 0.10373944511459599
2 0.5545825741554831 0.6893848009650181 0.06086881911462619 0.1025331724969842
2 0.4419811256153352 0.9631500428203219 0.04938310914790712 0.0734653449892565
2 0.5468107585349693 0.9668275030156814 0.07237799636898813 0.06634499396863688
