3 0.500815140715643 0.41435464916749 0.058839811587978276 0.13389627059070983
2 0.2827018487768194 0.39746682750301565 0.07304258293755143 0.1170084439083233
2 0.7710050233628007 0.3057901085645356 0.0689846991748373 0.1145958986731001
2 0.44332789921819404 0.6911942098914355 0.0628977797517804 0.10856453558504214
2 0.5532299337307136 0.6936067551266586 0.055458257415548357 0.09167671893847995
1 0.35134835033386996 0.5271411338962605 0.030434409557313132 0.07720144752714113
1 0.508592799713321 0.5651387213510254 0.03381601061923675 0.06634499396863688
1 0.5278679257662859 0.6363088057901085 0.02502384785823516 0.06393244873341374
1 0.574872180527025 0.6254523522316043 0.032463370194467274 0.061519903498190656
1 0.6364173198540359 0.6363088057901085 0.035168651044006294 0.06393244873341374
1 0.5988815480666833 0.7738238841978287 0.03719761168116044 0.054282267792520995
1 0.5055493587575897 0.7074788902291916 0.02096592658392673 0.07117008443908318
1 0.5528917626836394 0.7098914354644152 0.026376510164768396 0.07599517490952953
1 0.46632278643927505 0.870325693606755 0.03313969040685208 0.06393244873341387
1 0.3882078019088381 0.8739445114595898 0.041931853167853604 0.06151990349819059
