3 0.34762858916575395 0.24668275030156814 0.0581635382650872 0.10735826296743063
0 0.3425561875728685 0.3311218335343788 0.026376488283004703 0.03739445114595899
1 0.49743351620897286 0.2744270205066345 0.03584497125639104 0.051869722557297916
1 0.41424613008565037 0.44390832328106156 0.029081769132543657 0.07478890229191798
1 0.4913466342975103 0.42882991556091676 0.03855025210592991 0.05910735826296744
1 0.4788347103683927 0.5054282267792521 0.031110729769697868 0.05307599517490957
1 0.5860314640313732 0.5398069963811822 0.03855025210592999 0.0735826296743064
1 0.5535680938369059 0.6176115802171291 0.030434409557313132 0.05790108564535572
1 0.4774820699436232 0.6568154402895054 0.025700168070619967 0.06393244873341367
1 0.4335212561386153 0.6972255729794934 0.020289606371542063 0.05066344993968642
2 0.282363688670627 0.40289505428226774 0.061545139327010966 0.11821471652593481
2 0.44501869974915587 0.6924004825090471 0.06086881911462612 0.12303980699638117
2 0.5549207342616753 0.6869722557297949 0.06289777975178033 0.10012062726176112
2 0.7693142337727203 0.2961399276236428 0.058839924122762594 0.11942098914354637
2 0.4467153671020284 0.9650180940892642 0.06020423254606293 0.06996381182147161
2 0.5498541994907006 0.9638118214716527 0.06358583360798661 0.07237635705669476
