3 0.236373914228465 0.3365500603136309 0.056134577627933065 0.1302774427020507
1 0.4558398231473116 0.3703256936067551 0.03381601061923682 0.06996381182147168
1 0.3368074657675982 0.4813027744270205 0.028405448920158918 0.06272617611580217
1 0.3821209199973755 0.5826296743063932 0.031110729769697868 0.06513872135102532
1 0.5207665635362462 0.45416164053075997 0.025700168070620037 0.06393244873341374
1 0.5407180098015959 0.35102533172496986 0.03449233083162149 0.06513872135102532
1 0.6049684299781457 0.35765983112183347 0.029081769132543657 0.0687575392038601
1 0.6597503671813092 0.4565741857659832 0.025023847858235086 0.07117008443908325
1 0.5153560018371683 0.5572979493365501 0.0311107297696978 0.0675512665862486
2 0.49878617070059017 0.49939687372701863 0.06289775161808378 0.10615197027817008
0 0.42270014837029085 0.38238845992616893 0.024347496386187953 0.05066336965309095
