3 0.5471430518192508 0.563329312424608 0.056810897840317766 0.1302774427020507
2 0.5004769571647042 0.4951749095295537 0.056810897840317766 0.10735826296743063
1 0.28439264930778124 0.6537997587454764 0.03178704998208254 0.06031363088057894
1 0.40511580721845647 0.6182147165259348 0.032463370194467274 0.06151990349819052
1 0.3503338700152929 0.30217129071170085 0.03381601061923675 0.06393244873341374
1 0.4017342061565328 0.338962605548854 0.0365212914687757 0.06031363088057901
1 0.6188329943320329 0.38057901085645357 0.02975808934492825 0.06634499396863688
1 0.6475766033583841 0.5681544028950544 0.029081769132543726 0.06272617611580224
1 0.6939045379067386 0.49396863691194215 0.03111072976969794 0.07117008443908332
1 0.7483483150037097 0.41073582629674305 0.027729128707774178 0.06393244873341374
1 0.7463193543665554 0.3238841978287093 0.03313969040685208 0.06634499396863693
