0 0.4294621979734996 0.2244738893219018 0.4957131722525332 0.3436390404434052
1 0.5003897116134061 0.25772928033255393 0.5323460639127046 0.3117692907248636
1 0.5767731878409975 0.13440720533471898 0.6087295401402962 0.18290465055858665
3 0.5775526110678099 0.3380964752749632 0.6477007014809041 0.4337057244305881
3 0.5206547155105222 0.44201957218325105 0.5837879968823071 0.5459426690915389
3 0.4575214341387374 0.4406339308911406 0.5198752922837101 0.559799082012644
3 0.4006235385814498 0.5473283103836495 0.4551831644583009 0.6595652550446003
3 0.0896336710833983 0.4475621373516931 0.15744349181605616 0.5417857452152074
3 0.8885424785658613 0.4309344418463671 0.9477786438035853 0.559799082012644
4 0.3803585346843336 0.3103836494327531 0.4286827747466874 0.3533385294881787
4 0.42946219797349966 0.3464103230276262 0.47778643803585347 0.3935221269593834
4 0.3912704598597038 0.40322161600415685 0.44037412314886976 0.4517190612280245
4 0.33437256430241613 0.3865939204988308 0.38503507404520654 0.430934441846367
4 0.34918160561184725 0.4766606044860137 0.39516757599376456 0.5237724084177708
4 0.39906469212782536 0.5016021477440028 0.4450506625097428 0.5390144626309864
4 0.44115354637568205 0.43786264830691957 0.4848012470771629 0.47666060448601366
