0 0.2323825503355705 0.14914243102162567 0.3011744966442953 0.29679343773303507
1 0.23573825503355708 0.3236390753169277 0.2701342281879195 0.3847874720357942
8 0.5327181161660729 0.33706187932155096 0.6065436195217776 0.48471288603296026
8 0.49999999999999994 0.3385533184190903 0.5654362416107381 0.4891871737509321
8 0.4689597269043279 0.23117081244548904 0.5402684517365426 0.3728561219160334
4 0.4672818791946309 0.39821029082774057 0.49832214765100663 0.465324384787472
4 0.4513422818791947 0.4578672632363908 0.4983221476510067 0.5070842654735273
4 0.45050335570469796 0.5533184190902312 0.4966442953020134 0.5995525727069351
4 0.5369127516778524 0.5846383296047726 0.584731543624161 0.6293810589112603
4 0.511744966442953 0.5205070842654734 0.556208053691275 0.5622669649515287
3 0.34312080536912754 0.4280387770320656 0.410234899328859 0.5488441461595824
3 0.40184563758389263 0.32662192393736017 0.46812080536912754 0.4459358687546607
3 0.5889261744966443 0.4399701715137957 0.6585570469798656 0.5503355704697986
3 0.4077181208053691 0.56972408650261 0.4614093959731543 0.6577181208053692
3 0.46979865771812074 0.6756152125279642 0.5327181208053691 0.7680835197613722
