0 0.45302013422818793 0.08053691275167783 0.5176174496644295 0.2192393736017897
8 0.8296979865771812 0.6666666666666665 0.9035234899328859 0.8292319164802384
1 0.46224832060121895 0.7442207751598813 0.4958053675810848 0.8038777475685315
1 0.462248322147651 0.2744220730797912 0.49916107382550334 0.3325876211782252
2 0.3347315436241611 0.09843400447427295 0.3640939597315436 0.15212527964205816
2 0.15016778523489932 0.42803877703206555 0.1786912751677852 0.4802386278896346
4 0.1300335570469799 0.005965697240865028 0.162751677852349 0.07009694258016405
4 0.17785234899328858 0.04026845637583891 0.2105704697986577 0.10738255033557047
4 0.2223154362416107 0.08053691275167785 0.25755033557046975 0.14914243102162567
4 0.20134228187919462 0.17449664429530198 0.23573825503355705 0.23713646532438476
