0 0.34808168316831684 0.5742574257425741 0.4107363861386139 0.7029702970297029
1 0.37105507425742584 0.45792079207920794 0.39681311881188125 0.5061881188118812
4 0.29169245049504955 0.34158415841584155 0.31675433168316836 0.40594059405940597
4 0.3376392326732673 0.21782178217821785 0.37035891089108913 0.28465346534653463
4 0.4740872524752476 0.33539603960396047 0.5040222772277229 0.40470297029702984
4 0.5346534653465347 0.2747524752475248 0.5687654702970297 0.33787128712871284
4 0.6140160891089109 0.2227722772277228 0.6495204207920794 0.2933168316831683
4 0.15942141089108913 0.2524752475247524 0.19214108910891087 0.3155940594059406
4 0.13296720297029702 0.14232673267326734 0.16429455445544555 0.21410891089108913
8 0.07240099009900991 0.6992574257425743 0.1608137376237624 0.8514851485148516
8 0.8346998762376239 0.7029702970297029 0.9091893564356435 0.8366336633663365
