0 0.2287087912087912 0.6465201465201466 0.07417582417582416 0.13186813186813176
1 0.30494505494505497 0.6657509157509157 0.0576923076923077 0.09340659340659335
4 0.4059065934065934 0.7078754578754578 0.0432692307692308 0.06043956043956044
4 0.435782967032967 0.5888278388278388 0.037087912087912046 0.0897435897435897
4 0.3894230769230769 0.5256410256410257 0.037087912087912116 0.043956043956044015
4 0.45947802197802207 0.41666666666666674 0.037087912087912046 0.06410256410256408
4 0.37963598901098905 0.4423076923076923 0.04017857142857146 0.08608058608058605
3 0.37706043956043955 0.6053113553113554 0.05769230769230767 0.07509157509157519
3 0.3698489010989012 0.4954212454212454 0.06387362637362635 0.09340659340659335
3 0.3858173076923077 0.3800366300366301 0.09375 0.08608058608058605
3 0.6160714285714286 0.5897435897435898 0.0844780219780219 0.08791208791208788
3 0.6155563186813187 0.4880952380952381 0.09168956043956036 0.05677655677655686
3 0.6145260989010989 0.3772893772893773 0.058722527472527444 0.07692307692307693
