0 0.4433476796407186 0.35703592814371254 0.09515344311377241 0.157185628742515
3 0.8033308383233535 0.81811377245509 0.06736526946107788 0.10329341317365262
3 0.8677488772455092 0.8255988023952097 0.06315494011976043 0.10329341317365262
3 0.8706961077844312 0.7088323353293413 0.06736526946107788 0.09730538922155701
4 0.7835422904191617 0.5404191616766467 0.046313622754491066 0.07485029940119758
9 0.7456493263473055 0.37874251497005984 0.09852170658682624 0.125748502994012
3 0.13430950598802396 0.27544910179640714 0.07999625748502995 0.09580838323353291
3 0.202937874251497 0.1661676646706587 0.06568113772455092 0.10479041916167667
3 0.13641467065868265 0.16167664670658685 0.07578592814371259 0.10778443113772455
1 0.509870883233533 0.37125748502994016 0.03284056886227553 0.04191616766467071
