0 0.26109350237717904 0.25849621412220464 0.06893819334389857 0.15073076245817923
9 0.25396196513470687 0.1514351118154605 0.06576862123613314 0.08874801901743265
9 0.1303486529318542 0.3852790984328227 0.059429477020602216 0.10565240359218173
9 0.7393026941362916 0.16622644831836592 0.057052297939778215 0.10706110230674414
9 0.8629160063391441 0.3754182074308857 0.06339144215530908 0.10846980102130659
4 0.5043581616481775 0.19158302518048956 0.04833597464342312 0.04789575629512239
4 0.4500792393026941 0.23173093854551857 0.05071315372424721 0.05493924986793452
4 0.4057052297939778 0.5092445853143159 0.04437400950871634 0.05493924986793445
4 0.5511093502377179 0.3078006691318894 0.06101426307448499 0.05212185243880963
4 0.5606180665610142 0.5374185596055644 0.04516640253565761 0.0577566472970593
4 0.5681458003169572 0.6254622292657158 0.03803486529318533 0.0450783588659975
4 0.6208399366085579 0.6219404824793098 0.04833597464342312 0.052121852438809596
4 0.6988906497622821 0.5543229441803135 0.05705229793977807 0.04085226272231026
5 0.5015847860538827 0.3824617010036978 0.08240887480190175 0.09438281387568231
5 0.22979397781299526 0.5247402711745025 0.08240887480190175 0.09438281387568231
1 0.25277337559429475 0.4423313963726008 0.020602218700475454 0.04507835886599757
