0 0.2562919509480211 0.38702463807576476 0.0679530201342282 0.13870246085011181
4 0.3125 0.6316181953765847 0.04781879194630864 0.052199850857569036
4 0.36325503355704697 0.6823266219239374 0.04865771812080538 0.055182699478001355
1 0.2449664429530201 0.8702460850111856 0.030201342281879172 0.049217002237136424
8 0.8766778523489933 0.3005219985085757 0.08389261744966447 0.1506338553318419
3 0.44043624161073824 0.6189410887397464 0.0704697986577181 0.07755406413124546
3 0.5604026845637583 0.6174496940041765 0.0687919463087249 0.08053691275167793
3 0.5 0.7248322147651006 0.06879194630872483 0.08053691275167779
4 0.6036073825503355 0.7203579418344518 0.04781879194630882 0.04772557792692012
3 0.3775167785234899 0.4899328859060402 0.06711409395973156 0.12080536912751676
3 0.43666107382550334 0.384041759880686 0.0679530201342282 0.11483967188665183
3 0.49874161073825507 0.2774049217002237 0.0679530201342282 0.11633109619686803
3 0.5591443123127663 0.3847873980991786 0.06459731543624159 0.10141685309470544
3 0.6220637583892618 0.4958985831469053 0.06963087248322154 0.11185682326621929
