0 0.7278129952456419 0.5120619827434407 0.08320126782884302 0.15918295474555377
1 0.6434231378763867 0.5578446909667195 0.03169572107765447 0.047895756295122355
4 0.5780507131537242 0.43247050537066384 0.0309033280507132 0.06480014086987147
5 0.40332805071315375 0.28807888712801555 0.08399366085578443 0.17326994189117806
5 0.40451664025356576 0.4916358513822856 0.10221870047543583 0.13805247402711743
1 0.40847860538827263 0.5768621236133121 0.02456418383518219 0.05493924986793452
9 0.8633122028526148 0.6015143511181545 0.061014263074485056 0.09579151259024478
9 0.7416798732171156 0.8191583025180489 0.060221870047543716 0.11410459587955629
9 0.2539619651347068 0.8107061102306744 0.06259904912836767 0.10283500616305702
9 0.13312202852614896 0.6064447966191231 0.06973058637083993 0.10846980102130659
