0 0.4312080536912752 0.7307979120059658 0.06375838926174496 0.13721103653989558
1 0.3926174496644295 0.8374347501864281 0.0318791946308724 0.052199850857569036
4 0.6090604026845639 0.6830723340790454 0.030201342281879207 0.06263982102908272
4 0.33808724832214765 0.5436241610738256 0.033557046979865675 0.06711409395973156
4 0.28104026845637586 0.48695003728560776 0.03355704697986578 0.06711409395973156
3 0.3783557046979865 0.4936614466815809 0.0654362416107383 0.11931394481730052
3 0.43833892617449666 0.6167039522744221 0.06291946308724831 0.08202833706189416
3 0.5008389261744967 0.7270693512304252 0.06711409395973149 0.07606263982102902
3 0.55998322147651 0.6196868008948545 0.06795302013422827 0.07904548844146163
3 0.6195469798657718 0.4936614466815809 0.06963087248322147 0.11036539895600299
3 0.5599832214765101 0.3825503355704698 0.06963087248322139 0.11185682326621929
3 0.43708053691275167 0.3818046234153617 0.0687919463087249 0.11633109619686799
3 0.4979026845637584 0.27442207307979116 0.06963087248322154 0.11931394481730048
8 0.699244966442953 0.5033557046979865 0.08808724832214779 0.13870246085011181
