0 0.3747193113772455 0.47529940119760483 0.07578592814371263 0.15718562874251496
1 0.4462949101796408 0.4356287425149701 0.04715568862275447 0.08682634730538923
9 0.752806886227545 0.37275449101796404 0.08757485029940114 0.12574850299401202
4 0.7928050149700598 0.5456586826347306 0.05641841317365262 0.07035928143712582
3 0.7970153443113773 0.8113772455089822 0.08168038922155688 0.11077844311377234
3 0.8622754491017965 0.8211077844311377 0.07073353293413177 0.11526946107784425
3 0.8681699101796408 0.7125748502994012 0.06736526946107788 0.11976047904191617
3 0.1288360778443114 0.2874251497005988 0.08252245508982037 0.10479041916167667
3 0.20167477544910184 0.16017964071856286 0.07999625748502996 0.10778443113772454
3 0.1347305389221557 0.1654191616766467 0.07073353293413173 0.11227544910179638
