0 0.2127403846153846 0.5357142857142857 0.0525412087912088 0.11904761904761912
4 0.25137362637362637 0.4835164835164836 0.06181318681318679 0.06959706959706963
4 0.28949175824175827 0.6978021978021978 0.07211538461538466 0.04761904761904759
4 0.30236950549450553 0.5311355311355311 0.03605769230769233 0.058608058608058615
4 0.3384271978021978 0.4789377289377289 0.04223901098901095 0.038461538461538464
4 0.3827266483516483 0.5805860805860806 0.04017857142857146 0.05128205128205124
3 0.38375686813186816 0.6282051282051283 0.06902472527472525 0.09523809523809526
3 0.3791208791208791 0.4926739926739927 0.08035714285714285 0.051282051282051384
3 0.37551510989010994 0.38827838827838834 0.06902472527472525 0.06959706959706956
3 0.6155563186813187 0.5915750915750916 0.05254120879120876 0.10256410256410263
3 0.6150412087912088 0.48992673992674 0.07005494505494497 0.0750915750915751
3 0.6201923076923077 0.391941391941392 0.06387362637362635 0.08791208791208796
