0 0.5331254871395168 0.24802979128778038 0.062353858144972706 0.12193643370572445
1 0.5280592361652378 0.3013769810340348 0.024162120031176924 0.06235385814497274
3 0.3141075604053001 0.18082618862042088 0.07950116913484016 0.10946566207672989
3 0.490257209664848 0.17251234086775785 0.06079501169134843 0.10669437949250886
3 0.5576773187840998 0.16974105828353686 0.0693686671862821 0.10669437949250886
3 0.24902572096648481 0.493981120637395 0.06157443491816061 0.1122369446609509
3 0.42985190958690567 0.7122196241447994 0.07248636009353071 0.10530873820039843
3 0.3113795791114575 0.8175283623451978 0.06313328137178488 0.1191651511215035
3 0.2474668745128605 0.8119857971767559 0.06313328137178484 0.10253745561617734
3 0.7342166796570538 0.49605958257556076 0.07638347622759156 0.12470771628994541
3 0.5522213561964147 0.3859010998527756 0.06469212782540915 0.11500822724517193
3 0.7326578332034294 0.8182211829912532 0.06547155105222131 0.10946566207672973
1 0.490257209664848 0.5999826794838485 0.02805923616523763 0.0581969342686412
