0 0.5241621200311769 0.36373083917900756 0.06625097427903355 0.1288646401662769
1 0.5109119251753702 0.5126872780808869 0.035074045206547166 0.06651078202130414
3 0.31254871395167577 0.4946739412834502 0.07326578332034299 0.12193643370572438
3 0.37490257209664846 0.17251234086775788 0.08106001558846458 0.1094656620767299
3 0.5553390491036633 0.16835541699142634 0.060015588464536265 0.10669437949250886
3 0.6215900233826968 0.17112669957564738 0.07872174590802807 0.11223694466095091
3 0.7985190958690569 0.4932882999913397 0.0693686671862821 0.11916515112150343
3 0.7977396726422447 0.8175283623451979 0.06625097427903355 0.09699489044773543
3 0.494933749025721 0.7122196241447994 0.07638347622759163 0.11916515112150336
3 0.37334372564302415 0.8168355416991426 0.06391270459859705 0.11223694466095083
3 0.32424006235385816 0.8189140036373084 0.09508963367108343 0.11085130336884035
