0 0.19043624161073824 0.32811334824757643 0.06711409395973154 0.15510812826249065
4 0.2609060402684564 0.04697986577181208 0.033557046979865744 0.06711409395973153
4 0.2713926174496644 0.1342281879194631 0.031040268456375877 0.06860551826994779
4 0.29026845637583887 0.23862788963460105 0.031879194630872514 0.06562266964951532
4 0.42072147651006714 0.2826249067859806 0.031040268456375843 0.06711409395973156
4 0.5251677852348994 0.3296047725577927 0.0318791946308724 0.07158836689038026
4 0.5608221476510067 0.24832214765100674 0.031040268456375843 0.06711409395973153
4 0.5625 0.1416853094705444 0.03271812080536904 0.06860551826994782
4 0.4949664460458843 0.04399703193870268 0.035234899328859086 0.06413124533929905
4 0.3729026845637584 0.020134228187919462 0.03271812080536911 0.040268456375838924
9 0.8607382550335569 0.8083519761372111 0.06543624161073822 0.11036539895600299
9 0.7403570277578879 0.9765100671140939 0.056217411220473676 0.04697986577181212
9 0.13255033557046977 0.8008948545861299 0.062080536912751665 0.12527964205816558
9 0.2537798465498342 0.9802386278896347 0.054539558871480445 0.039522744220730745
