0 0.5015588464536244 0.4731965012557374 0.07248636009353071 0.13440720533471898
1 0.41660171473109897 0.4925954793452846 0.028838659392049878 0.0540400103923097
4 0.33826968043647704 0.5237724084177708 0.028059236165237707 0.06373949943708318
4 0.39166017147310994 0.5307006148783233 0.030397505845674216 0.08036719494240935
4 0.3386593920498831 0.631159608556335 0.025720966484801357 0.06789642331341468
4 0.28643803585346844 0.3207759591235819 0.02727981293842557 0.059582575560751715
4 0.2790335151987529 0.22031696544557028 0.02805923616523774 0.07205334718974622
4 0.22174590802805924 0.3207759591235819 0.02727981293842557 0.08175283623451982
3 0.2634450506625097 0.4905170174071187 0.05455962587685114 0.13025028145838746
3 0.3293063133281372 0.4953667619295055 0.05845674201091196 0.10946566207672986
3 0.3897116134060795 0.3831298172685546 0.06547155105222138 0.09560924915562481
3 0.6905689789555729 0.48497445223867675 0.0670303975058458 0.1080800207846194
3 0.20615744349181603 0.5972113968996277 0.05845674201091196 0.10253745561617748
4 0.1843335931410756 0.5147657400190526 0.02260327357755262 0.04572616263964669
