0 0.543581616481775 0.30498327170276457 0.07606973058637088 0.13100898045430534
1 0.5384310618066561 0.4113400246522275 0.0309033280507132 0.05071315372424721
4 0.4445324881141046 0.4986793449550977 0.03645007923930273 0.07325233315724596
4 0.48692551505546755 0.5592533896812819 0.03407290015847863 0.06761753829899625
4 0.4706814580031696 0.649410107413277 0.02377179080824085 0.07043493572812111
4 0.4306656101426307 0.5902447614016552 0.03248811410459588 0.07325233315724596
4 0.38866877971473845 0.6409579151259024 0.03407290015847863 0.07043493572812125
4 0.4251188589540412 0.6909667194928685 0.0309033280507132 0.06902623701355878
4 0.46988906497622823 0.739566825145272 0.03011093502377179 0.07043493572812111
3 0.19453248811410462 0.7135058989258672 0.06418383518225039 0.11692199330868107
