0 0.511538 0.314103 0.069231 0.149573
1 0.279487 0.521368 0.030769 0.051282
1 0.503846 0.587607 0.028205 0.047009
5 0.415385 0.337607 0.076923 0.136752
5 0.400000 0.290598 0.076923 0.136752
5 0.269231 0.598291 0.076923 0.136752
6 0.643590 0.799145 0.076923 0.136752
7 0.487179 0.243590 0.087179 0.145299
7 0.133333 0.764957 0.082051 0.136752
7 0.430769 0.320513 0.082051 0.136752
8 0.174359 0.288462 0.102564 0.158120
8 0.912821 0.326923 0.102564 0.158120
8 0.220513 0.228632 0.102564 0.158120
8 0.430769 0.173077 0.102564 0.158120