0 0.806410 0.205128 0.089744 0.170940
1 0.143590 0.444444 0.030769 0.051282
2 0.435897 0.448718 0.164103 0.273504
3 0.502564 0.713675 0.082051 0.128205
3 0.602564 0.470085 0.082051 0.128205
3 0.698718 0.617521 0.084615 0.132479
3 0.564103 0.410256 0.082051 0.128205
3 0.176923 0.777778 0.082051 0.128205
3 0.500000 0.700855 0.082051 0.128205
3 0.130769 0.196581 0.082051 0.128205
3 0.530769 0.380342 0.082051 0.128205
8 0.787179 0.638889 0.102564 0.158120
8 0.700000 0.750000 0.102564 0.158120
8 0.628205 0.801282 0.102564 0.158120