0 0.482051 0.482906 0.071795 0.153846
3 0.058974 0.192308 0.082051 0.128205
3 0.823077 0.363248 0.082051 0.128205
3 0.164103 0.713675 0.082051 0.128205
3 0.384615 0.525641 0.082051 0.128205
3 0.148718 0.427350 0.082051 0.128205
3 0.317949 0.551282 0.082051 0.128205
3 0.130769 0.132479 0.082051 0.128205
3 0.474359 0.679487 0.082051 0.128205
5 0.812821 0.482906 0.076923 0.136752
5 0.794872 0.730769 0.066667 0.119658
5 0.225641 0.448718 0.076923 0.136752
6 0.620513 0.205128 0.076923 0.136752
6 0.387179 0.166667 0.076923 0.136752
7 0.235897 0.760684 0.082051 0.136752
7 0.546154 0.500000 0.082051 0.136752