0 0.302564 0.158120 0.071795 0.153846
1 0.830769 0.529915 0.030769 0.051282
3 0.984615 0.222222 0.082051 0.128205
3 0.107692 0.380342 0.082051 0.128205
3 0.264103 0.397436 0.082051 0.128205
3 0.279487 0.611111 0.082051 0.128205
3 0.346154 0.487179 0.082051 0.128205
3 0.535897 0.559829 0.082051 0.128205
3 0.374359 0.346154 0.082051 0.128205
3 0.861538 0.713675 0.082051 0.128205
3 0.625641 0.521368 0.082051 0.128205
7 0.148718 0.098291 0.082051 0.136752
7 0.528205 0.658120 0.082051 0.136752
7 0.514103 0.429487 0.079487 0.132479