0 0.623077 0.752137 0.071795 0.153846
1 0.784615 0.773504 0.030769 0.051282
2 0.324359 0.096154 0.187179 0.311966
4 0.382051 0.423077 0.082051 0.136752
4 0.464103 0.465812 0.164103 0.273504
4 0.117949 0.303419 0.164103 0.273504
4 0.807692 0.512821 0.082051 0.136752
4 0.274359 0.649573 0.164103 0.273504
4 0.210256 0.470085 0.082051 0.136752
4 0.469231 0.213675 0.082051 0.136752
4 0.303846 0.438034 0.089744 0.149573
4 0.292308 0.649573 0.164103 0.273504
4 0.375641 0.207265 0.084615 0.141026
4 0.174359 0.115385 0.066667 0.111111
4 0.161538 0.846154 0.164103 0.273504
8 0.489744 0.322650 0.102564 0.158120