0 0.556410 0.264957 0.071795 0.153846
2 0.520513 0.918803 0.164103 0.273504
3 0.392308 0.517094 0.082051 0.128205
3 0.667949 0.365385 0.089744 0.141026
3 0.633333 0.542735 0.082051 0.128205
3 0.753846 0.636752 0.082051 0.128205
3 0.343590 0.521368 0.082051 0.128205
3 0.566667 0.388889 0.082051 0.128205
4 0.446154 0.478632 0.082051 0.136752
4 0.420513 0.256410 0.164103 0.273504
4 0.610256 0.730769 0.164103 0.273504
4 0.428205 0.311966 0.082051 0.136752
4 0.335897 0.085470 0.082051 0.136752
4 0.394872 0.388889 0.082051 0.136752
4 0.653846 0.282051 0.082051 0.136752
4 0.507692 0.517094 0.082051 0.136752
4 0.833333 0.128205 0.164103 0.273504
4 0.274359 0.743590 0.164103 0.273504