0 0.474359 0.444444 0.071795 0.153846
1 0.543590 0.824786 0.030769 0.051282
2 0.361538 0.846154 0.164103 0.273504
2 0.707692 0.846154 0.164103 0.273504
4 0.500000 0.311966 0.082051 0.136752
4 0.397436 0.452991 0.082051 0.136752
4 0.179487 0.448718 0.082051 0.136752
4 0.602564 0.414530 0.164103 0.273504
5 0.612821 0.427350 0.076923 0.136752
5 0.117949 0.799145 0.076923 0.136752
5 0.207692 0.692308 0.076923 0.136752
7 0.475641 0.506410 0.074359 0.123932
7 0.512821 0.649573 0.082051 0.136752
7 0.492308 0.547009 0.082051 0.136752
7 0.519231 0.489316 0.089744 0.149573