0 0.491026 0.465812 0.089744 0.170940
1 0.633333 0.504274 0.030769 0.051282
1 0.484615 0.068376 0.030769 0.051282
3 0.441026 0.388889 0.082051 0.128205
4 0.576923 0.534188 0.164103 0.273504
4 0.641026 0.705128 0.082051 0.136752
4 0.261538 0.431624 0.164103 0.273504
4 0.643590 0.380342 0.164103 0.273504
4 0.384615 0.495726 0.082051 0.136752
4 0.553846 0.696581 0.148718 0.247863
4 0.387179 0.713675 0.082051 0.136752
9 0.616667 0.617521 0.069231 0.115385
9 0.584615 0.700855 0.082051 0.136752
9 0.676923 0.794872 0.082051 0.136752