0 0.261538 0.170940 0.071795 0.153846
2 0.151282 0.688034 0.164103 0.273504
2 0.410256 0.581197 0.164103 0.273504
3 0.271795 0.371795 0.082051 0.128205
3 0.876923 0.811966 0.082051 0.128205
3 0.389744 0.175214 0.076923 0.119658
3 0.156410 0.132479 0.082051 0.128205
6 0.635897 0.170940 0.076923 0.136752
6 0.664103 0.482906 0.076923 0.136752
7 0.497436 0.307692 0.082051 0.136752
8 0.479487 0.630342 0.102564 0.158120
8 0.479487 0.767094 0.102564 0.158120
9 0.894872 0.598291 0.082051 0.136752
9 0.717949 0.803419 0.082051 0.136752
9 0.771795 0.128205 0.082051 0.136752