0 0.225641 0.653846 0.071795 0.153846
1 0.128205 0.735043 0.030769 0.051282
1 0.794872 0.367521 0.030769 0.051282
3 0.879487 0.820513 0.082051 0.128205
3 0.653846 0.521368 0.082051 0.128205
3 0.741026 0.837607 0.082051 0.128205
3 0.384615 0.504274 0.082051 0.128205
3 0.629487 0.487179 0.074359 0.119658
3 0.720513 0.525641 0.082051 0.128205
3 0.341026 0.461538 0.082051 0.128205
4 0.400000 0.470085 0.082051 0.136752
4 0.582051 0.431624 0.164103 0.273504
4 0.134615 0.288462 0.171795 0.286325
4 0.435897 0.294872 0.082051 0.136752
4 0.641026 0.688034 0.164103 0.273504
4 0.743590 0.452991 0.082051 0.136752
4 0.152564 0.224359 0.084615 0.141026
4 0.207692 0.457265 0.164103 0.273504
6 0.674359 0.487179 0.076923 0.136752