0 0.433333 0.559829 0.071795 0.153846
1 0.535897 0.158120 0.030769 0.051282
1 0.482051 0.243590 0.030769 0.051282
3 0.828205 0.730769 0.082051 0.128205
3 0.471795 0.380342 0.082051 0.128205
3 0.366667 0.585470 0.082051 0.128205
3 0.405128 0.470085 0.082051 0.128205
3 0.630769 0.474359 0.082051 0.128205
6 0.288462 0.130342 0.064103 0.115385
8 0.366667 0.297009 0.102564 0.158120
8 0.455128 0.632479 0.105128 0.162393
9 0.112821 0.405983 0.082051 0.136752
9 0.682051 0.598291 0.087179 0.145299
9 0.115385 0.380342 0.082051 0.136752
9 0.793590 0.818376 0.069231 0.115385
9 0.882051 0.910256 0.082051 0.136752