0 0.792308 0.388889 0.071795 0.153846
1 0.765385 0.408120 0.033333 0.055556
3 0.358974 0.786325 0.082051 0.128205
3 0.120513 0.824786 0.092308 0.145299
3 0.374359 0.504274 0.082051 0.128205
3 0.643590 0.448718 0.082051 0.128205
3 0.774359 0.632479 0.082051 0.128205
3 0.743590 0.200855 0.082051 0.128205
4 0.146154 0.679487 0.164103 0.273504
4 0.643590 0.448718 0.082051 0.136752
4 0.403846 0.412393 0.074359 0.123932
7 0.515385 0.675214 0.082051 0.136752
7 0.487179 0.542735 0.082051 0.136752
8 0.289744 0.108974 0.102564 0.158120
8 0.838462 0.459402 0.102564 0.158120