0 0.456410 0.735043 0.071795 0.153846
2 0.458974 0.290598 0.164103 0.273504
3 0.748718 0.145299 0.082051 0.128205
3 0.594872 0.397436 0.082051 0.128205
3 0.751282 0.696581 0.082051 0.128205
3 0.364103 0.559829 0.082051 0.128205
3 0.523077 0.388889 0.082051 0.128205
3 0.650000 0.591880 0.084615 0.132479
3 0.400000 0.495726 0.082051 0.128205
3 0.620513 0.615385 0.082051 0.128205
8 0.648718 0.083333 0.102564 0.158120
8 0.220513 0.237179 0.102564 0.158120
8 0.787179 0.664530 0.102564 0.158120
8 0.792308 0.728632 0.102564 0.158120