0 0.392308 0.358974 0.071795 0.153846
4 0.853846 0.594017 0.164103 0.273504
4 0.389744 0.294872 0.082051 0.136752
4 0.543590 0.329060 0.164103 0.273504
4 0.674359 0.303419 0.148718 0.247863
4 0.184615 0.756410 0.164103 0.273504
4 0.758974 0.611111 0.082051 0.136752
4 0.561538 0.431624 0.164103 0.273504
4 0.735897 0.970085 0.164103 0.273504
4 0.735897 0.222222 0.082051 0.136752
4 0.546154 0.329060 0.082051 0.136752
4 0.623077 0.525641 0.164103 0.273504
4 0.551282 0.286325 0.174359 0.290598
5 0.382051 0.354701 0.076923 0.136752