0 0.687179 0.183761 0.071795 0.153846
1 0.510256 0.294872 0.030769 0.051282
1 0.212821 0.773504 0.030769 0.051282
2 0.761538 0.675214 0.164103 0.273504
6 0.666667 0.799145 0.076923 0.136752
6 0.497436 0.115385 0.076923 0.136752
6 0.341026 0.581197 0.076923 0.136752
8 0.235897 0.750000 0.102564 0.158120
8 0.343590 0.066239 0.102564 0.158120
9 0.523077 0.717949 0.071795 0.119658
9 0.871795 0.269231 0.082051 0.136752
9 0.102564 0.666667 0.082051 0.136752
9 0.610256 0.816239 0.082051 0.136752
9 0.297436 0.991453 0.082051 0.136752