0 0.614103 0.271368 0.105128 0.200855
1 0.271795 0.606838 0.030769 0.051282
2 0.511538 0.493590 0.192308 0.320513
3 0.633333 0.363248 0.082051 0.128205
3 0.305128 0.594017 0.082051 0.128205
3 0.769231 0.525641 0.082051 0.128205
3 0.174359 0.153846 0.082051 0.128205
3 0.200000 0.440171 0.082051 0.128205
3 0.376923 0.730769 0.082051 0.128205
3 0.223077 0.786325 0.082051 0.128205
3 0.882051 0.824786 0.082051 0.128205
3 0.600000 0.598291 0.082051 0.128205
3 0.251282 0.846154 0.082051 0.128205
7 0.508974 0.647436 0.089744 0.149573
8 0.820513 0.754274 0.102564 0.158120
8 0.256410 0.510684 0.102564 0.158120