0 0.303846 0.414530 0.089744 0.170940
3 0.771795 0.175214 0.082051 0.128205
3 0.656410 0.188034 0.082051 0.128205
4 0.843590 0.085470 0.164103 0.273504
4 0.423077 0.534188 0.082051 0.136752
4 0.453846 0.525641 0.164103 0.273504
4 0.220513 0.333333 0.082051 0.136752
4 0.474359 0.380342 0.164103 0.273504
4 0.787179 0.756410 0.164103 0.273504
4 0.202564 0.247863 0.164103 0.273504
4 0.417949 0.226496 0.164103 0.273504
7 0.558974 0.457265 0.082051 0.136752
7 0.192308 0.059829 0.082051 0.136752
7 0.489744 0.470085 0.082051 0.136752