0 0.312821 0.491453 0.071795 0.153846
1 0.543590 0.170940 0.030769 0.051282
1 0.417949 0.756410 0.030769 0.051282
3 0.117949 0.162393 0.082051 0.128205
3 0.600000 0.636752 0.082051 0.128205
3 0.574359 0.440171 0.082051 0.128205
3 0.425641 0.397436 0.082051 0.128205
3 0.607692 0.363248 0.082051 0.128205
3 0.392308 0.380342 0.082051 0.128205
3 0.071795 0.645299 0.082051 0.128205
6 0.497436 0.119658 0.076923 0.136752
6 0.110256 0.363248 0.076923 0.136752
6 0.628205 0.568376 0.076923 0.136752
8 0.100000 0.754274 0.102564 0.158120
8 0.669231 0.104701 0.102564 0.158120