0 0.520513 0.722222 0.071795 0.153846
1 0.751282 0.183761 0.030769 0.051282
3 0.589744 0.354701 0.082051 0.128205
3 0.717949 0.820513 0.082051 0.128205
4 0.676923 0.192308 0.164103 0.273504
4 0.274359 0.487179 0.164103 0.273504
4 0.382051 0.217949 0.082051 0.136752
4 0.174359 0.380342 0.164103 0.273504
4 0.658974 0.333333 0.082051 0.136752
4 0.792308 0.431624 0.082051 0.136752
4 0.266667 0.149573 0.164103 0.273504
4 0.230769 0.119658 0.082051 0.136752
4 0.392308 0.547009 0.082051 0.136752
8 0.502564 0.322650 0.102564 0.158120
8 0.328205 0.416667 0.102564 0.158120