0 0.223077 0.504274 0.071795 0.153846
1 0.305128 0.235043 0.030769 0.051282
1 0.838462 0.773504 0.030769 0.051282
3 0.628205 0.363248 0.082051 0.128205
4 0.317949 0.666667 0.164103 0.273504
4 0.484615 0.666667 0.082051 0.136752
4 0.169231 0.461538 0.164103 0.273504
4 0.420513 0.235043 0.082051 0.136752
4 0.364103 0.320513 0.164103 0.273504
4 0.564103 0.444444 0.082051 0.136752
4 0.446154 0.457265 0.164103 0.273504
4 0.358974 0.461538 0.082051 0.136752
4 0.543590 0.431624 0.164103 0.273504
4 0.192308 0.119658 0.082051 0.136752
8 0.374359 0.104701 0.102564 0.158120
8 0.807692 0.228632 0.102564 0.158120