0 0.444872 0.333333 0.089744 0.170940
1 0.153846 0.743590 0.030769 0.051282
1 0.284615 0.423077 0.030769 0.051282
4 0.558974 0.517094 0.164103 0.273504
4 0.346154 0.487179 0.082051 0.136752
4 0.407692 0.474359 0.082051 0.136752
4 0.407692 0.256410 0.082051 0.136752
4 0.446154 0.444444 0.082051 0.136752
4 0.353846 0.645299 0.082051 0.136752
4 0.379487 0.534188 0.082051 0.136752
4 0.305128 0.495726 0.082051 0.136752
6 0.615385 0.555556 0.076923 0.136752
9 0.182051 0.162393 0.082051 0.136752
9 0.146154 0.260684 0.082051 0.136752