0 0.324359 0.286325 0.089744 0.170940
1 0.374359 0.564103 0.030769 0.051282
3 0.897436 0.384615 0.082051 0.128205
3 0.612821 0.816239 0.082051 0.128205
3 0.441026 0.512821 0.082051 0.128205
3 0.112821 0.452991 0.082051 0.128205
3 0.646154 0.166667 0.082051 0.128205
3 0.538462 0.153846 0.082051 0.128205
3 0.507692 0.264957 0.082051 0.128205
3 0.576923 0.371795 0.082051 0.128205
3 0.371795 0.525641 0.082051 0.128205
3 0.484615 0.717949 0.082051 0.128205
7 0.446154 0.311966 0.082051 0.136752
7 0.438462 0.316239 0.082051 0.136752
7 0.443590 0.478632 0.082051 0.136752