0 0.170513 0.350427 0.089744 0.170940
3 0.223077 0.136752 0.082051 0.128205
3 0.228205 0.790598 0.082051 0.128205
4 0.648718 0.329060 0.164103 0.273504
4 0.579487 0.380342 0.082051 0.136752
4 0.443590 0.414530 0.164103 0.273504
4 0.312821 0.188034 0.082051 0.136752
4 0.333333 0.555556 0.082051 0.136752
4 0.128205 0.380342 0.164103 0.273504
4 0.556410 0.294872 0.082051 0.136752
4 0.143590 0.632479 0.082051 0.136752
4 0.310256 0.316239 0.082051 0.136752
4 0.594872 0.713675 0.082051 0.136752
4 0.764103 0.282051 0.082051 0.136752
4 0.505128 0.435897 0.082051 0.136752
8 0.097436 0.087607 0.102564 0.158120
8 0.751282 0.655983 0.102564 0.158120