0 0.279487 0.119658 0.071795 0.153846
3 0.551282 0.470085 0.082051 0.128205
3 0.528205 0.735043 0.082051 0.128205
3 0.335897 0.175214 0.082051 0.128205
3 0.610256 0.470085 0.082051 0.128205
3 0.597436 0.508547 0.082051 0.128205
3 0.110256 0.153846 0.082051 0.128205
3 0.628205 0.594017 0.082051 0.128205
3 0.687179 0.465812 0.082051 0.128205
4 0.525641 0.367521 0.082051 0.136752
4 0.205128 0.358974 0.164103 0.273504
8 0.328205 0.566239 0.102564 0.158120
8 0.856410 0.536325 0.102564 0.158120
9 0.851282 0.679487 0.082051 0.136752
9 0.715385 0.816239 0.082051 0.136752
9 0.274359 0.829060 0.082051 0.136752
9 0.292308 0.786325 0.082051 0.136752
9 0.323077 0.115385 0.082051 0.136752