0 0.658974 0.358974 0.071795 0.153846
1 0.866667 0.803419 0.030769 0.051282
1 0.297436 0.636752 0.030769 0.051282
1 0.451282 0.410256 0.030769 0.051282
2 0.343590 0.487179 0.164103 0.273504
3 0.117949 0.405983 0.082051 0.128205
4 0.548718 0.260684 0.082051 0.136752
4 0.300000 0.606838 0.164103 0.273504
4 0.366667 0.474359 0.164103 0.273504
4 0.743590 0.350427 0.082051 0.136752
4 0.553846 0.495726 0.082051 0.136752
4 0.800000 0.423077 0.164103 0.273504
7 0.546154 0.500000 0.082051 0.136752
7 0.546154 0.435897 0.082051 0.136752
7 0.420513 0.405983 0.082051 0.136752