0 0.302564 0.538462 0.071795 0.153846
1 0.597436 0.162393 0.030769 0.051282
2 0.471795 0.696581 0.164103 0.273504
2 0.441026 0.311966 0.164103 0.273504
2 0.794872 0.542735 0.164103 0.273504
4 0.402564 0.517094 0.164103 0.273504
4 0.674359 0.547009 0.082051 0.136752
4 0.525641 0.431624 0.082051 0.136752
4 0.420513 0.457265 0.082051 0.136752
4 0.402564 0.025641 0.082051 0.136752
4 0.553846 0.559829 0.082051 0.136752
4 0.500000 0.542735 0.082051 0.136752
4 0.592308 0.431624 0.164103 0.273504
5 0.682051 0.606838 0.076923 0.136752
5 0.343590 0.760684 0.076923 0.136752
5 0.582051 0.423077 0.076923 0.136752
5 0.358974 0.303419 0.076923 0.136752
8 0.779487 0.104701 0.102564 0.158120
8 0.541026 0.147436 0.102564 0.158120