0 0.215385 0.115385 0.071795 0.153846
1 0.494872 0.542735 0.030769 0.051282
1 0.210256 0.269231 0.030769 0.051282
3 0.423077 0.636752 0.082051 0.128205
3 0.779487 0.534188 0.082051 0.128205
3 0.820513 0.811966 0.082051 0.128205
3 0.553846 0.611111 0.082051 0.128205
3 0.384615 0.482906 0.082051 0.128205
3 0.787179 0.470085 0.082051 0.128205
3 0.312821 0.615385 0.082051 0.128205
3 0.505128 0.303419 0.082051 0.128205
9 0.102564 0.414530 0.082051 0.136752
9 0.128205 0.230769 0.082051 0.136752
9 0.694872 0.602564 0.082051 0.136752
9 0.817949 0.367521 0.082051 0.136752
9 0.123077 0.405983 0.082051 0.136752