0 0.275641 0.418803 0.089744 0.170940
1 0.379487 0.329060 0.030769 0.051282
1 0.661538 0.611111 0.030769 0.051282
4 0.833333 0.589744 0.082051 0.136752
4 0.656410 0.491453 0.164103 0.273504
4 0.543590 0.504274 0.082051 0.136752
4 0.169231 0.696581 0.164103 0.273504
4 0.364103 0.423077 0.164103 0.273504
4 0.420513 0.192308 0.082051 0.136752
4 0.341026 0.482906 0.082051 0.136752
4 0.302564 0.482906 0.082051 0.136752
4 0.192308 0.239316 0.164103 0.273504
4 0.264103 0.247863 0.082051 0.136752
4 0.669231 0.508547 0.164103 0.273504
4 0.361538 0.380342 0.082051 0.136752
7 0.115385 0.713675 0.082051 0.136752
7 0.407692 0.350427 0.082051 0.136752