0 0.569231 0.576923 0.071795 0.153846
1 0.553846 0.568376 0.030769 0.051282
1 0.230769 0.226496 0.030769 0.051282
3 0.702564 0.594017 0.082051 0.128205
3 0.164103 0.192308 0.082051 0.128205
3 0.676923 0.790598 0.082051 0.128205
3 0.382051 0.529915 0.082051 0.128205
3 0.723077 0.568376 0.082051 0.128205
3 0.130769 0.414530 0.082051 0.128205
7 0.533333 0.525641 0.082051 0.136752
7 0.497436 0.324786 0.082051 0.136752
7 0.487179 0.320513 0.082051 0.136752
7 0.505128 0.500000 0.082051 0.136752
8 0.530769 0.574786 0.102564 0.158120