0 0.274359 0.491453 0.071795 0.153846
1 0.256410 0.619658 0.030769 0.051282
3 0.594872 0.410256 0.082051 0.128205
3 0.592308 0.401709 0.082051 0.128205
3 0.505128 0.683761 0.082051 0.128205
3 0.225641 0.495726 0.082051 0.128205
3 0.966667 0.649573 0.082051 0.128205
4 0.551282 0.435897 0.082051 0.136752
4 0.197436 0.222222 0.164103 0.273504
4 0.423077 0.235043 0.164103 0.273504
4 0.661538 0.405983 0.082051 0.136752
4 0.610256 0.431624 0.082051 0.136752
4 0.489744 0.452991 0.164103 0.273504
4 0.500000 0.452991 0.082051 0.136752
7 0.223077 0.764957 0.082051 0.136752
7 0.548718 0.457265 0.082051 0.136752