0 0.451282 0.641026 0.071795 0.153846
4 0.574359 0.461538 0.164103 0.273504
4 0.579487 0.247863 0.164103 0.273504
4 0.474359 0.500000 0.082051 0.136752
4 0.592308 0.388889 0.082051 0.136752
4 0.292308 0.064103 0.082051 0.136752
4 0.320513 0.538462 0.082051 0.136752
4 0.184615 0.645299 0.164103 0.273504
4 0.582051 0.559829 0.164103 0.273504
4 0.725641 0.478632 0.164103 0.273504
4 0.264103 0.559829 0.164103 0.273504
9 0.592308 0.564103 0.082051 0.136752
9 0.469231 0.743590 0.082051 0.136752
9 0.825641 0.572650 0.082051 0.136752