0 0.453846 0.132479 0.071795 0.153846
1 0.325641 0.559829 0.030769 0.051282
1 0.533333 0.521368 0.030769 0.051282
4 0.476923 0.448718 0.082051 0.136752
4 0.779487 0.576923 0.082051 0.136752
4 0.415385 0.423077 0.164103 0.273504
4 0.420513 0.196581 0.082051 0.136752
4 0.553846 0.414530 0.164103 0.273504
4 0.192308 0.149573 0.164103 0.273504
4 0.528205 0.239316 0.082051 0.136752
4 0.520513 0.384615 0.164103 0.273504
7 0.512821 0.649573 0.082051 0.136752
7 0.882051 0.726496 0.082051 0.136752
7 0.900000 0.722222 0.082051 0.136752