0 0.758974 0.555556 0.071795 0.153846
1 0.769231 0.282051 0.030769 0.051282
3 0.464103 0.397436 0.082051 0.128205
3 0.146154 0.145299 0.082051 0.128205
3 0.520513 0.380342 0.082051 0.128205
3 0.410256 0.551282 0.082051 0.128205
3 0.671795 0.589744 0.082051 0.128205
3 0.402564 0.632479 0.082051 0.128205
3 0.512821 0.508547 0.082051 0.128205
3 0.289744 0.611111 0.082051 0.128205
5 0.228205 0.619658 0.076923 0.136752
5 0.369231 0.363248 0.076923 0.136752
5 0.312821 0.611111 0.076923 0.136752
7 0.146154 0.773504 0.082051 0.136752
7 0.412821 0.329060 0.082051 0.136752