0 0.185897 0.495726 0.089744 0.170940
1 0.838462 0.346154 0.030769 0.051282
3 0.433333 0.641026 0.082051 0.128205
3 0.251282 0.358974 0.082051 0.128205
4 0.292308 0.311966 0.082051 0.136752
4 0.328205 0.679487 0.082051 0.136752
4 0.374359 0.226496 0.082051 0.136752
4 0.333333 0.089744 0.164103 0.273504
4 0.541026 0.350427 0.082051 0.136752
4 0.512821 0.388889 0.082051 0.136752
8 0.810256 0.711538 0.102564 0.158120
8 0.792308 0.228632 0.102564 0.158120
9 0.605128 0.132479 0.082051 0.136752
9 0.846154 0.632479 0.082051 0.136752
9 0.228205 0.799145 0.082051 0.136752
9 0.723077 0.051282 0.082051 0.136752
9 0.853846 0.623932 0.082051 0.136752
9 0.723077 0.346154 0.082051 0.136752