0 0.507692 0.256410 0.071795 0.153846
1 0.253846 0.841880 0.030769 0.051282
1 0.461538 0.427350 0.030769 0.051282
4 0.533333 0.303419 0.164103 0.273504
4 0.453846 0.264957 0.164103 0.273504
4 0.266667 0.205128 0.164103 0.273504
4 0.689744 0.205128 0.082051 0.136752
4 0.851282 0.619658 0.082051 0.136752
4 0.558974 0.354701 0.164103 0.273504
4 0.392308 0.568376 0.082051 0.136752
4 0.417949 0.217949 0.164103 0.273504
4 0.397436 0.384615 0.082051 0.136752
4 0.294872 0.645299 0.164103 0.273504
6 0.394872 0.264957 0.076923 0.136752