0 0.514103 0.363248 0.089744 0.170940
1 0.628205 0.846154 0.030769 0.051282
1 0.356410 0.572650 0.030769 0.051282
2 0.658974 0.363248 0.164103 0.273504
2 0.730769 0.525641 0.164103 0.273504
2 0.128205 0.542735 0.164103 0.273504
2 0.535897 0.329060 0.164103 0.273504
3 0.525641 0.598291 0.082051 0.128205
3 0.712821 0.474359 0.082051 0.128205
3 0.989744 0.658120 0.082051 0.128205
3 0.682051 0.252137 0.082051 0.128205
3 0.228205 0.196581 0.082051 0.128205
3 0.625641 0.512821 0.082051 0.128205
3 0.648718 0.260684 0.082051 0.128205
3 0.000000 0.675214 0.082051 0.128205
3 0.179487 0.675214 0.082051 0.128205