0 0.387179 0.299145 0.071795 0.153846
3 0.141026 0.153846 0.082051 0.128205
3 0.874359 0.358974 0.082051 0.128205
3 0.597436 0.371795 0.082051 0.128205
3 0.135897 0.175214 0.082051 0.128205
3 0.417949 0.645299 0.082051 0.128205
3 0.410256 0.491453 0.082051 0.128205
3 0.600000 0.602564 0.082051 0.128205
3 0.664103 0.893162 0.082051 0.128205
4 0.125641 0.273504 0.082051 0.136752
4 0.553846 0.341880 0.164103 0.273504
4 0.474359 0.384615 0.082051 0.136752
4 0.838462 0.743590 0.082051 0.136752
4 0.553846 0.448718 0.164103 0.273504
4 0.407692 0.521368 0.164103 0.273504