0 0.401282 0.179487 0.089744 0.170940
1 0.653846 0.247863 0.030769 0.051282
3 0.323077 0.209402 0.082051 0.128205
3 0.292308 0.380342 0.082051 0.128205
3 0.866667 0.854701 0.082051 0.128205
3 0.641026 0.376068 0.082051 0.128205
3 0.733333 0.679487 0.082051 0.128205
3 0.715385 0.333333 0.082051 0.128205
3 0.153846 0.170940 0.082051 0.128205
3 0.730769 0.636752 0.082051 0.128205
4 0.774359 0.128205 0.164103 0.273504
4 0.412821 0.589744 0.164103 0.273504
4 0.646154 0.341880 0.082051 0.136752
6 0.535897 0.790598 0.076923 0.136752
6 0.605128 0.777778 0.076923 0.136752