0 0.671795 0.555556 0.071795 0.153846
1 0.215385 0.564103 0.030769 0.051282
3 0.733333 0.602564 0.082051 0.128205
3 0.730769 0.807692 0.082051 0.128205
3 0.415385 0.820513 0.082051 0.128205
3 0.546154 0.397436 0.082051 0.128205
3 0.517949 0.756410 0.082051 0.128205
3 0.615385 0.487179 0.082051 0.128205
5 0.625641 0.401709 0.076923 0.136752
5 0.141026 0.782051 0.076923 0.136752
9 0.141026 0.846154 0.082051 0.136752
9 0.374359 0.111111 0.082051 0.136752
9 0.692308 0.393162 0.082051 0.136752
9 0.694872 0.401709 0.082051 0.136752
9 0.664103 0.611111 0.082051 0.136752
9 0.730769 0.782051 0.082051 0.136752