0 0.612821 0.465812 0.071795 0.153846
1 0.484615 0.286325 0.030769 0.051282
1 0.700000 0.782051 0.030769 0.051282
3 0.876923 0.846154 0.082051 0.128205
3 0.505128 0.756410 0.082051 0.128205
3 0.861538 0.811966 0.082051 0.128205
3 0.302564 0.611111 0.082051 0.128205
3 0.807692 0.517094 0.082051 0.128205
3 0.271795 0.354701 0.082051 0.128205
3 0.123077 0.188034 0.082051 0.128205
3 0.107692 0.572650 0.082051 0.128205
4 0.228205 0.260684 0.082051 0.136752
4 0.346154 0.448718 0.082051 0.136752
4 0.482051 0.504274 0.164103 0.273504
4 0.653846 0.423077 0.082051 0.136752
7 0.502564 0.547009 0.082051 0.136752
7 0.571795 0.504274 0.082051 0.136752
8 0.733333 0.476496 0.102564 0.158120