0 0.284615 0.534188 0.071795 0.153846
1 0.279487 0.645299 0.030769 0.051282
3 0.171795 0.495726 0.082051 0.128205
3 0.348718 0.512821 0.082051 0.128205
3 0.382051 0.371795 0.082051 0.128205
3 0.525641 0.252137 0.082051 0.128205
3 0.166667 0.376068 0.082051 0.128205
3 0.210256 0.192308 0.082051 0.128205
4 0.248718 0.350427 0.164103 0.273504
4 0.371795 0.517094 0.082051 0.136752
4 0.443590 0.521368 0.082051 0.136752
4 0.112821 0.683761 0.082051 0.136752
6 0.279487 0.782051 0.076923 0.136752
8 0.235897 0.130342 0.102564 0.158120