0 0.389744 0.521368 0.071795 0.153846
3 0.392308 0.474359 0.082051 0.128205
3 0.130769 0.166667 0.082051 0.128205
3 0.484615 0.495726 0.082051 0.128205
3 0.317949 0.487179 0.082051 0.128205
4 0.523077 0.551282 0.082051 0.136752
4 0.210256 0.346154 0.082051 0.136752
4 0.502564 0.405983 0.082051 0.136752
4 0.233333 0.264957 0.164103 0.273504
4 0.553846 0.538462 0.082051 0.136752
4 0.276923 0.504274 0.164103 0.273504
4 0.294872 0.393162 0.164103 0.273504
4 0.438462 0.538462 0.164103 0.273504
4 0.164103 0.495726 0.164103 0.273504
4 0.261538 0.243590 0.164103 0.273504