0 0.233333 0.427350 0.071795 0.153846
1 0.230769 0.393162 0.030769 0.051282
1 0.135897 0.837607 0.030769 0.051282
3 0.889744 0.841880 0.082051 0.128205
3 0.810256 0.850427 0.082051 0.128205
3 0.456410 0.615385 0.082051 0.128205
3 0.184615 0.803419 0.082051 0.128205
3 0.869231 0.799145 0.082051 0.128205
3 0.417949 0.465812 0.082051 0.128205
3 0.530769 0.363248 0.082051 0.128205
3 0.584615 0.628205 0.082051 0.128205
8 0.123077 0.108974 0.102564 0.158120
9 0.258974 0.786325 0.082051 0.136752
9 0.697436 0.068376 0.082051 0.136752
9 0.497436 0.782051 0.082051 0.136752
9 0.658974 0.602564 0.082051 0.136752