0 0.228205 0.384615 0.071795 0.153846
1 0.682051 0.098291 0.030769 0.051282
1 0.302564 0.683761 0.030769 0.051282
3 0.507692 0.764957 0.082051 0.128205
3 0.484615 0.307692 0.082051 0.128205
3 0.774359 0.726496 0.082051 0.128205
3 0.620513 0.341880 0.082051 0.128205
3 0.584615 0.158120 0.082051 0.128205
3 0.869231 0.803419 0.082051 0.128205
3 0.466667 0.581197 0.082051 0.128205
4 0.369231 0.726496 0.082051 0.136752
4 0.243590 0.038462 0.164103 0.273504
4 0.335897 0.209402 0.164103 0.273504
7 0.523077 0.525641 0.082051 0.136752