0 0.766667 0.423077 0.071795 0.153846
3 0.171795 0.448718 0.082051 0.128205
3 0.135897 0.162393 0.082051 0.128205
4 0.376923 0.465812 0.164103 0.273504
4 0.651282 0.358974 0.164103 0.273504
4 0.561538 0.615385 0.082051 0.136752
4 0.346154 0.299145 0.082051 0.136752
4 0.469231 0.500000 0.164103 0.273504
4 0.769231 0.452991 0.164103 0.273504
4 0.294872 0.568376 0.164103 0.273504
4 0.823077 0.123932 0.164103 0.273504
4 0.412821 0.388889 0.164103 0.273504
4 0.289744 0.333333 0.082051 0.136752
4 0.589744 0.269231 0.082051 0.136752
4 0.805128 0.752137 0.082051 0.136752