0 0.475641 0.500000 0.089744 0.170940
1 0.292308 0.641026 0.030769 0.051282
1 0.505128 0.611111 0.030769 0.051282
1 0.869231 0.448718 0.030769 0.051282
3 0.102564 0.299145 0.082051 0.128205
3 0.651282 0.615385 0.082051 0.128205
3 0.410256 0.636752 0.082051 0.128205
3 0.451282 0.367521 0.082051 0.128205
3 0.176923 0.162393 0.082051 0.128205
3 0.382051 0.547009 0.082051 0.128205
3 0.612821 0.594017 0.082051 0.128205
3 0.684615 0.794872 0.082051 0.128205
3 0.102564 0.205128 0.082051 0.128205
8 0.635897 0.775641 0.102564 0.158120