0 0.439744 0.452991 0.089744 0.170940
1 0.471795 0.747863 0.030769 0.051282
4 0.538462 0.414530 0.164103 0.273504
4 0.553846 0.226496 0.164103 0.273504
4 0.325641 0.337607 0.164103 0.273504
4 0.789744 0.311966 0.082051 0.136752
4 0.569231 0.452991 0.082051 0.136752
4 0.330769 0.653846 0.082051 0.136752
4 0.369231 0.376068 0.082051 0.136752
4 0.353846 0.200855 0.082051 0.136752
4 0.517949 0.500000 0.082051 0.136752
4 0.800000 0.717949 0.164103 0.273504
5 0.623077 0.756410 0.076923 0.136752
5 0.438462 0.829060 0.076923 0.136752
6 0.602564 0.777778 0.076923 0.136752
6 0.312821 0.414530 0.076923 0.136752