0 0.6563903443113773 0.6227544910179641 0.0732597305389222 0.14371257485029937
1 0.6214446107784433 0.7994011976047903 0.021893712574850285 0.03592814371257475
3 0.8058570359281438 0.8226047904191617 0.05726047904191617 0.10029940119760482
3 0.8618544161676647 0.8211077844311377 0.047997754491018015 0.08233532934131745
3 0.8635385479041918 0.7043413173652695 0.05305014970059872 0.09431137724550907
2 0.6479696856287426 0.778443113772455 0.03452470059880227 0.03892215568862284
2 0.728808008982036 0.6369760479041916 0.03452470059880241 0.05838323353293418
2 0.8016467065868264 0.7754491017964072 0.04210329341317362 0.044910179640718584
9 0.7422810628742517 0.3652694610778443 0.08673278443113773 0.11976047904191617
3 0.13430950598802396 0.2776946107784431 0.0682073353293413 0.09431137724550893
3 0.20209580838323354 0.1631736526946108 0.06399700598802398 0.092814371257485
3 0.1355726047904192 0.16766467065868262 0.06736526946107788 0.11377245508982035
