0 0.5019809825673535 0.4381053002289136 0.07844690966719498 0.14086987145624227
4 0.43621236133122027 0.33033984856488824 0.03565768621236131 0.07747842930093331
4 0.49445324881141045 0.3394963902095439 0.03486529318541997 0.07606973058637082
4 0.4144215530903328 0.4113400246522275 0.03328050713153729 0.07325233315724596
4 0.4076862123613313 0.49727064624053524 0.0309033280507132 0.06761753829899625
4 0.3791600633914422 0.5810882197569994 0.03724247226624399 0.07466103187180849
4 0.43383518225039625 0.5782708223278746 0.029318541996830448 0.06620883958443378
4 0.47147385103011097 0.6465927099841522 0.03011093502377179 0.07043493572812125
4 0.4865293185419969 0.5578446909667195 0.03486529318541997 0.07043493572812104
4 0.5439778129952457 0.4965662968832541 0.026148969889065014 0.060574044726184155
3 0.1969096671949287 0.4761401655220989 0.06418383518225039 0.12114808945236838
3 0.0277337559429477 0.7966191230850501 0.0554675118858954 0.10001760873393195
