0 0.5922818745553348 0.7255779564948548 0.06543624161073822 0.13273676360924683
1 0.856963084155458 0.8098434152347506 0.027684563758389232 0.05369127516778519
8 0.8762583892617449 0.3154362416107383 0.07634228187919462 0.15063385533184193
3 0.3758389215352004 0.49142438415287204 0.07046979865771817 0.11185682326621928
3 0.4375 0.38553322855287164 0.07298657718120807 0.11483967188665176
3 0.4983221430117104 0.2766592243324387 0.06711409395973149 0.11185682326621926
3 0.5587248445862218 0.3885160032366886 0.0654362416107383 0.10887397464578669
3 0.6208053706739488 0.49216993364742606 0.06711409395973156 0.11334824757643545
3 0.4375 0.6167039522744221 0.06627516778523486 0.07904548844146156
3 0.49874160919182303 0.7240864582480233 0.0679530201342282 0.07904548844146163
3 0.5616610738255033 0.6174496644295303 0.06627516778523493 0.08053691275167786
