0 0.7856543624161074 0.27069351230425054 0.066275167785235 0.14168530947054436
8 0.8800335555005477 0.5577927363828493 0.07550335570469797 0.1431767337807606
3 0.4979026845637584 0.2915734526472782 0.06963087248322154 0.08501118568232659
3 0.4400167785234899 0.4019388516032811 0.06627516778523486 0.08202833706189416
3 0.5608221476510067 0.3997016559886643 0.0679530201342282 0.07457121551081286
3 0.6208053691275167 0.505592841163311 0.06711409395973149 0.08351976137211033
3 0.5604026845637583 0.6196868008948546 0.0687919463087249 0.0820283370618941
3 0.43875838926174493 0.6196868008948545 0.07046979865771817 0.07904548844146163
3 0.499161069186207 0.7255779269202088 0.06879194630872483 0.07606263982102902
3 0.37583892617449666 0.5078299776286354 0.06879194630872476 0.07904548844146156
