0 0.3435566212871287 0.2376237623762376 0.05081992574257423 0.12871287128712872
1 0.29691367574257427 0.2066831683168317 0.0229733910891089 0.04207920792079211
4 0.4699102722772277 0.16584158415841585 0.04873143564356432 0.039603960396039604
4 0.5496209777227723 0.2982673267326733 0.04664294554455445 0.039603960396039604
4 0.5875618811881188 0.22462871287128713 0.05290841584158414 0.04579207920792079
4 0.611927599009901 0.14356435643564358 0.06126237623762378 0.06683168316831684
8 0.6839805074257427 0.7803217821782178 0.07588180693069305 0.125
8 0.12461324257425742 0.7846534653465347 0.06822400990099009 0.15841584158415856
8 0.11974009900990101 0.08972772277227722 0.06404702970297028 0.1373762376237624
1 0.15002279337168245 0.12252323102822653 0.02715037128712872 0.049504950495049514
