0 0.6984944532488114 0.41204437400950866 0.0768621236133123 0.18453953160767736
1 0.5954833597464342 0.37964430357457296 0.03565768621236131 0.052121852438809665
3 0.4984152139461173 0.5388272583201268 0.06022187004754351 0.1084698010213065
3 0.1969096671949287 0.4352879027997887 0.06893819334389857 0.12396548688149324
3 0.022979397781299524 0.7487233667899278 0.04595879556259905 0.10001760873393195
4 0.28050713153724244 0.306391970417327 0.05229793977812996 0.054939249867934484
4 0.3442947702060221 0.2958267300581088 0.054675118858954014 0.05353055115337206
4 0.3787638668779714 0.3704877619299172 0.04120443740095084 0.0450783588659975
4 0.39223454833597465 0.5346011621764396 0.04437400950871634 0.05493924986793452
4 0.33003169572107766 0.4810706110230674 0.046751188589540395 0.060574044726184224
4 0.3292393026941363 0.3803486529318542 0.04358161648177503 0.05071315372424721
4 0.2785261489698891 0.41838351822503966 0.043581616481775 0.039443564007747865
4 0.22187004754358164 0.4113400246522275 0.04754358161648178 0.03662616657862301
4 0.19809825673534076 0.49727064624053535 0.04437400950871634 0.05353055115337213
4 0.25039619651347067 0.4881141045958796 0.045958795562599054 0.052121852438809596
4 0.2650554675118859 0.5754534248987498 0.046751188589540436 0.04648705758055989
4 0.31854199683042794 0.5698186300405002 0.04912836767036453 0.05493924986793452
