0 0.5775526110678098 0.633930891140556 0.07170693686671861 0.15103490084004506
4 0.6843335931410757 0.31384775266302933 0.03429462197973493 0.08175283623451982
4 0.7342166796570538 0.24387286741144887 0.03741231488698375 0.06651078202130421
4 0.7837100545596258 0.27504979648393524 0.028838659392049805 0.06512514072919373
4 0.7314886983632113 0.3491816056118472 0.030397505845674147 0.06928206460552523
4 0.7825409197194076 0.3755087901619468 0.028059236165237565 0.08036719494240926
4 0.7903351519875292 0.4621113709188534 0.023382696804364826 0.08175283623451975
3 0.7556508183943882 0.4877457348228977 0.05066250974279029 0.11085130336884041
3 0.819173811379579 0.4988308651597817 0.06547155105222131 0.12470771628994541
3 0.8787996882307092 0.37966571403827837 0.06469212782540922 0.09422360786351433
3 0.6983632112236944 0.6013683207759591 0.057677318784099756 0.11362258595306145
4 0.7560405300077943 0.6096821685286221 0.02494154325798917 0.05819693426864113
3 0.3951675759937646 0.49259547934528447 0.06547155105222131 0.10392309690828781
4 0.32229150428682773 0.6519442279379924 0.03195635229929849 0.07898155365029864
3 0.033125487139516754 0.8161427210530874 0.06625097427903351 0.1191651511215035
