1 0.49035234899328856 0.39075316927665926 0.027684563758389232 0.0507084265473528
0 0.49622483221476515 0.33035048471290085 0.06627516778523493 0.1416853094705444
4 0.7797818791946308 0.3422818791946309 0.04614093959731548 0.058165548098433995
4 0.23154362416107382 0.6771066368381804 0.05369127516778523 0.05667412378821766
4 0.23028523489932887 0.38926174496644295 0.04781879194630875 0.05369127516778526
3 0.3187919463087248 0.4966442953020135 0.07046979865771813 0.11633109619686806
3 0.7441275167785235 0.4921700223713647 0.06711409395973149 0.11633109619686799
3 0.6812080536912751 0.49142431021625654 0.06375838926174496 0.11782252050708429
3 0.6208053644882203 0.6025354361146907 0.06208053691275169 0.11931394481730058
3 0.2554530201342282 0.49291573452647275 0.05956375838926174 0.10887397464578669
