0 0.4001584786053883 0.356400774784293 0.08082408874801907 0.16904384574749073
4 0.18977812995245644 0.4592357809473499 0.054675118858954014 0.05916534601162177
4 0.25435816164817754 0.5014967423842226 0.045958795562599054 0.04226096143687279
4 0.2995245641838352 0.5508011973939074 0.03645007923930273 0.047895756295122424
4 0.20800316957210774 0.5458707518929389 0.043581616481774964 0.04930445500968481
4 0.19334389857369255 0.6332100721958092 0.04278922345483359 0.06339144215530901
4 0.24128367670364498 0.6163056876210601 0.04992076069730583 0.052121852438809596
4 0.2916006339144216 0.6346187709103716 0.04437400950871634 0.04930445500968481
4 0.23019017432646594 0.7015319598520867 0.0499207606973059 0.047895756295122424
4 0.29635499207606975 0.7381581264307095 0.047543581616481735 0.0450783588659975
4 0.34627575277337563 0.6966015143511183 0.04437400950871634 0.04085226272231026
9 0.7389064976228209 0.1669307976756471 0.061014263074485056 0.10565240359218171
9 0.8609350237717908 0.3718964606444797 0.06418383518225042 0.11269589716499386
9 0.25435816164817754 0.1669307976756471 0.06180665610142629 0.10565240359218171
9 0.1347068145800317 0.38105300228913536 0.05863708399366084 0.11128719845043143
7 0.3803486529318542 0.5740447261841873 0.080824088748019 0.12255678816693084
