0 0.6094798657718121 0.6062639821029083 0.06627516778523493 0.13571961222967935
8 0.8779362416107382 0.3214019388516033 0.07969798657718115 0.13870246085011184
3 0.6220637583892618 0.494407158836689 0.06795302013422827 0.10589112602535415
3 0.5587248322147651 0.6152125279642058 0.06543624161073837 0.0790454884414617
3 0.49916107382550334 0.7263236982246093 0.0704697986577181 0.0835197613721104
3 0.4395973154362416 0.6137211036539896 0.06879194630872483 0.08202833706189423
3 0.37583892617449666 0.4966442953020135 0.07382550335570472 0.11633109619686806
3 0.43666107382550334 0.3862788963460104 0.0679530201342282 0.11931394481730052
3 0.5570469798657719 0.3877703206562267 0.06879194630872483 0.10738255033557052
3 0.5 0.2766592095451156 0.0654362416107383 0.11782252050708429
