0 0.7520973138898094 0.48844152074511643 0.06291946308724818 0.14466815809097697
3 0.3150167785234899 0.5920954511558538 0.06963087248322147 0.10439970171513785
3 0.5620805369127517 0.5943325876211781 0.07046979865771817 0.11185682326621922
3 0.6828859060402683 0.5943325876211784 0.06375838926174496 0.10887397464578676
3 0.8036912751677852 0.1558538404175988 0.0687919463087249 0.11185682326621922
3 0.49790268456375836 0.8105891126025355 0.07298657718120807 0.11483967188665176
3 0.6807885859647306 0.9164802386278896 0.06291946308724831 0.11185682326621915
3 0.43875838926174493 0.9142431021625651 0.06879194630872476 0.12229679343773299
3 0.3162751677852349 0.9142431021625651 0.07382550335570474 0.11633109619686806
4 0.7256711409395973 0.9791200596569724 0.038590604026845624 0.034302759134973965
4 0.7156040345777981 0.12826252025324425 0.03859060402684577 0.04175988068605518
1 0.7395134212723599 0.6122297237057425 0.0293624161073825 0.05518269947800164
