0 0.505066250974279 0.458647267688577 0.06235385814497256 0.1219364337057244
3 0.6554949337490257 0.488438555468953 0.057677318784099825 0.128864640166277
3 0.6523772408417772 0.8175283623451979 0.060795011691348363 0.1053087382003983
3 0.3558067030397506 0.7149909067290205 0.06313328137178488 0.1219364337057246
3 0.22798129384255653 0.8196068242833637 0.06780982073265779 0.11223694466095083
3 0.16367887763055344 0.8196068242833627 0.06703039750584569 0.09283796657140392
3 0.1648480124707716 0.49120983805317353 0.07248636009353077 0.1094656620767298
3 0.22837100545596262 0.16696977569931584 0.06858924395947 0.12609335758205595
3 0.41114575214341387 0.16974105828353686 0.05689789555728766 0.10392309690828785
3 0.4715510522213562 0.1704338789295921 0.057677318784099756 0.10530873820039836
