0 0.802013422818792 0.354958985831469 0.06543624161073822 0.14317673378076065
1 0.7969798657718121 0.767337792818941 0.035234899328859086 0.055182699478001494
3 0.6807885983361871 0.5756897837434749 0.06627516778523486 0.11633109619686799
3 0.6828859060402686 0.24832214765100674 0.06543624161073837 0.10887397464578673
3 0.5604026845637583 0.2505592841163311 0.0687919463087249 0.11633109619686803
3 0.49916107382550334 0.4660700969425801 0.06879194630872476 0.11782252050708429
3 0.43624161073825507 0.5712155108128263 0.07214765100671144 0.12229679343773306
3 0.3150167785234899 0.5771812080536912 0.07298657718120805 0.11931394481730052
3 0.31669464633680405 0.25428787446651796 0.06795302013422823 0.12080536912751678
4 0.6287751724245312 0.407158836689038 0.03942953020134226 0.0417598806860552
