3 0.17110901373333803 0.24607961399276235 0.06222145953939563 0.12062726176115803
0 0.17381425550829901 0.26417374841814606 0.02570002740213896 0.03618826885076763
1 0.3432325077852532 0.2635705669481303 0.03449233083162149 0.0687575392038601
1 0.3479667492719463 0.3661037394451146 0.03178704998208254 0.06393244873341374
1 0.3946328439264931 0.36791314837153194 0.03449233083162149 0.057901085645355864
1 0.37163795670541205 0.44149577804583834 0.029081769132543584 0.06513872135102532
1 0.44028445826246276 0.5645355850422196 0.032463370194467274 0.05066344993968642
1 0.5329403273591714 0.5814234016887816 0.027052808495389442 0.06272617611580217
1 0.5708142592527166 0.5205066344993969 0.03381601061923675 0.0639324487334138
1 0.4233764529528443 0.6761158021712907 0.028405448920158918 0.06151990349819059
2 0.4446805396429635 0.6899879372738239 0.05883985847747198 0.10373944511459592
2 0.5545826022891791 0.6875754020744244 0.06898464290744549 0.08685162846803376
2 0.7723576825433679 0.3033775633293124 0.059516178689856786 0.10494571773220752
2 0.44468638927205995 0.9668275030156809 0.06155690735646136 0.06634499396863645
2 0.5525595053479696 0.9650180940892632 0.05952786231821872 0.06996381182147116
0 0.3097546572722088 0.8136308805790108 0.02705280849538937 0.06151990349819059
