3 0.3415417072542914 0.485524728588661 0.059516178689856716 0.12907117008443905
1 0.3516865104400624 0.2804583835946924 0.041931853167853604 0.044632086851628436
1 0.3729905971301815 0.20446320868516285 0.04531345422977729 0.04704463208685162
1 0.4020723662627252 0.2822677925211098 0.04260817338023834 0.03860072376357053
1 0.5028440779080507 0.2569360675512666 0.03990289253069939 0.0386007237635706
1 0.2681609642105476 0.38359469240048255 0.04396081380500782 0.045838359469240045
0 0.2502384785823521 0.612183353437877 0.03246337019446731 0.05669481302774422
2 0.2214948695560008 0.9547647768395657 0.06695570102608883 0.08082026537997593
2 0.44231341889961695 0.571773220747889 0.06898466166324305 0.11097708082026536
2 0.4467095002801177 0.28287092882991555 0.05883985847747198 0.10735826296743063
2 0.5559352145802525 0.27563329312424606 0.06763202123847342 0.10253317249698438
2 0.5501864927749822 0.5669481302774426 0.05478193720316348 0.12062726176115803
2 0.7138559841720881 0.8594692400482509 0.07642418399947502 0.10494571773220755
