3 0.8220672181536459 0.448130277442702 0.05342929677839407 0.1290711700844391
0 0.8288304202774932 0.7237635705669482 0.023671207433465753 0.05066344993968642
1 0.6675280496237338 0.7020506634499397 0.037873931893545175 0.06513872135102532
1 0.7855459266848702 0.5627261761158022 0.03313969040685208 0.06634499396863688
1 0.7425995931984395 0.29010856453558503 0.03381601061923675 0.05910735826296744
1 0.7764156038176762 0.14475271411338964 0.02840544892015899 0.05790108564535584
1 0.6239053959249183 0.17611580217129075 0.03584497125639096 0.0796139927623643
1 0.2806728881396652 0.2605548854041013 0.022994887221081017 0.055488540410132715
1 0.2502384785823521 0.17008443908323284 0.03516865104400626 0.06272617611580218
1 0.19410390095441904 0.7110977080820265 0.03381601061923675 0.08082026537997593
1 0.31212177801555535 0.7026537997587454 0.035844971256390995 0.06634499396863688
2 0.4987861566337423 0.49276236429433046 0.05613457762793303 0.10253317249698427
