3 0.49574271567801104 0.22617611580217128 0.056810897840317766 0.11218335343787697
1 0.5400416895892113 0.2804583835946924 0.03313969040685201 0.054282267792521106
1 0.5728432198898709 0.3136308805790109 0.035168651044006224 0.05066344993968631
1 0.5549207342616753 0.37454764776839566 0.0250238478582353 0.05428226779252114
1 0.5309113667220173 0.3661037394451146 0.0311107297696978 0.03256936067551266
1 0.5356456082087104 0.4215922798552473 0.02705280849538937 0.05910735826296744
1 0.5018295975894737 0.40168878166465616 0.028405448920158848 0.06272617611580224
1 0.4994624768461271 0.3256936067551267 0.04666609465454684 0.0386007237635706
1 0.4683517470764292 0.28407720144752713 0.04666609465454677 0.037394451145958955
1 0.45042926144823375 0.31423401688781666 0.02705280849538937 0.047044632086851584
1 0.4456950199615406 0.3697225572979494 0.022994887221080944 0.051869722557297916
1 0.47342414866931476 0.387816646562123 0.028405448920158848 0.0784077201447527
2 0.22791991157365582 0.6863691194209892 0.06627938081370409 0.10615199034981898
2 0.7720195224371754 0.304583835946924 0.054781937203163406 0.11218335343787697
