3 0.5762248209517945 0.44390832328106156 0.050047695716470386 0.11821471652593495
1 0.5725050597836785 0.3655006031363088 0.04260817338023834 0.04342581423401683
1 0.5440996108635195 0.2822677925211098 0.04396081380500767 0.03136308805790112
1 0.5809590624384877 0.16043425814234016 0.0365212914687757 0.04342581423401688
1 0.6583977267565398 0.1278648974668275 0.04260817338023834 0.06031363088057899
1 0.718252065552589 0.221351025331725 0.052752976566009406 0.0494571773220748
1 0.7165612650216271 0.35886610373944505 0.04531345422977722 0.051869722557297916
1 0.6499437241017307 0.44390832328106156 0.04598977444216203 0.05066344993968634
0 0.584002503394219 0.6604342581423401 0.029081769132543584 0.05428226779252114
2 0.4254054135899985 0.5018094089264173 0.062221459539395736 0.10373944511459583
2 0.8639990713214993 0.7882991556091676 0.06019249890224145 0.10494571773220755
1 0.4314922955014612 0.635102533172497 0.044637134017392555 0.047044632086851695
1 0.4896558337665484 0.6483715319662244 0.043284493592623076 0.04704463208685162
1 0.3709616364930274 0.649577804583836 0.03990289253069939 0.04221954161640525
1 0.31415073865270954 0.6158021712907117 0.04396081380500774 0.0494571773220747
1 0.3002861742988225 0.5072376357056695 0.044637134017392485 0.04221954161640532
