3 0.15690628927325861 0.2949336550060314 0.05816353826508724 0.12424607961399278
1 0.4044394870060718 0.16706875753920386 0.031110729769697868 0.0663449939686369
1 0.4247290933776138 0.048854041013269 0.03381601061923682 0.06151990349819059
1 0.49405191514704927 0.08021712907117008 0.030434409557313132 0.049457177322074795
1 0.5501864927749822 0.03558504221954162 0.03449233083162156 0.05669481302774427
2 0.44468053964296345 0.1821471652593486 0.05342929677839415 0.11097708082026538
2 0.550862812987367 0.17671893848009654 0.07101362230039719 0.097708082026538
2 0.4419752587934245 0.4716525934861279 0.06830834145085823 0.11097708082026543
2 0.5512009730935593 0.46682750301568154 0.054105616990778815 0.10615199034981913
2 0.22555277832644427 0.852231604342581 0.05883988348520203 0.1049457177322074
2 0.7131796639597034 0.755729794933655 0.05883985847747198 0.11459589867310015
0 0.15014308714941127 0.6230398069963812 0.020289606371542063 0.044632086851628616
