0 0.9758 0.46203041076660156 0.5856001377105713 0.527057945728302 0.7316935062408447
8 0.9713 0.9213476181030273 0.016462601721286774 0.9999459981918335 0.16768278181552887
1 0.9669 0.34270602464675903 0.7399119138717651 0.3701867163181305 0.7882527709007263
1 0.9561 0.1647181361913681 0.7791410684585571 0.19208461046218872 0.828500509262085
4 0.8871 0.8158999085426331 0.10933820903301239 0.8752813935279846 0.21391987800598145
4 0.8824 0.1264479160308838 0.0859193280339241 0.3055954873561859 0.39042752981185913
4 0.8463 0.4914407730102539 0.45461466908454895 0.6463834643363953 0.7284212112426758
4 0.8342 0.08912191540002823 0.5885215401649475 0.2445271760225296 0.8765162825584412
3 0.7968 0.8277521729469299 0.7063822150230408 0.880905032157898 0.7989305257797241
4 0.7932 0.6111925840377808 0.2256631851196289 0.7965975403785706 0.5359458923339844
1 0.7776 0.07328657805919647 0.7520689368247986 0.10343436896800995 0.8124808669090271
3 0.7768 0.7555142641067505 0.6799996495246887 0.8190279603004456 0.7914864420890808
4 0.7686 0.14456351101398468 0.0 0.27484315633773804 0.2258220613002777
4 0.7337 0.6199054718017578 0.6716694235801697 0.7632046937942505 0.9155153036117554
4 0.7160 0.6123594641685486 0.16579335927963257 0.7861710786819458 0.45861688256263733
6 0.6772 0.7173367738723755 0.43632516264915466 0.7695624232292175 0.5178617238998413
3 0.6464 0.7688516974449158 0.3656782805919647 0.8265679478645325 0.4652639329433441
2 0.6317 0.09861321747303009 0.0 0.2369188666343689 0.20768257975578308
4 0.5957 0.6767818331718445 0.22982673346996307 0.8222287893295288 0.5128427743911743
4 0.5939 0.6165964007377625 0.6008727550506592 0.7744556665420532 0.9000457525253296
4 0.5323 0.0003703594265971333 0.0 0.13698787987232208 0.2874267101287842
4 0.5256 0.00010809898230945691 0.0 0.13344503939151764 0.17553572356700897
4 0.5042 0.7193448543548584 0.606957197189331 0.8744989037513733 0.8547208905220032
4 0.4991 0.0063326237723231316 0.7130813598632812 0.19250601530075073 1.0
0 0.4893 0.006987249944359064 0.39067813754081726 0.11457252502441406 0.57520592212677
4 0.4576 0.026301240548491478 0.6219180822372437 0.18654680252075195 0.8945158123970032
3 0.4140 0.7659173607826233 0.3291778564453125 0.8244150876998901 0.44794005155563354
4 0.3959 0.0067893145605921745 0.11491033434867859 0.15600015223026276 0.40930572152137756
3 0.3767 0.586948037147522 0.5396521091461182 0.6576715707778931 0.6510189175605774
4 0.3136 0.09904918819665909 0.0 0.23442307114601135 0.20951753854751587
4 0.3060 0.009706241078674793 0.08734122663736343 0.20649197697639465 0.4021064341068268
3 0.3021 0.581069827079773 0.3301675617694855 0.6544025540351868 0.4675736427307129
4 0.2640 0.00017538070096634328 0.0 0.09560186415910721 0.15459425747394562
3 0.2536 0.5809467434883118 0.32715895771980286 0.6424568295478821 0.4445439577102661
4 0.2480 0.6701469421386719 0.6625062823295593 0.8480418920516968 0.9579698443412781
4 0.2236 0.3875342607498169 0.5997559428215027 0.4624251127243042 0.9258493781089783
4 0.2003 0.007594800088554621 0.0 0.15756793320178986 0.2368568480014801
3 0.1924 0.5841113924980164 0.6586212515830994 0.6537348628044128 0.7776834964752197
4 0.1279 0.03119194135069847 0.0 0.09479908645153046 0.08684894442558289
0 0.1270 0.13711032271385193 0.6704373359680176 0.196807861328125 0.7790747880935669
4 0.1200 0.3723256289958954 0.5590289831161499 0.4635840654373169 0.8764823079109192
