8 0.9790 0.6962249875068665 0.07859265059232712 0.7901142239570618 0.23114416003227234
8 0.9789 0.3932039141654968 0.03470298647880554 0.48662441968917847 0.18774177134037018
0 0.9753 0.6111372709274292 0.4734930396080017 0.6760901212692261 0.6191853284835815
4 0.9136 0.7464168071746826 0.590818464756012 0.9246456027030945 0.8689037561416626
4 0.8833 0.3738877475261688 0.4592885375022888 0.5011224150657654 0.6854515671730042
2 0.8807 0.10297460854053497 0.0 0.22794361412525177 0.20016343891620636
4 0.8766 0.13898368179798126 0.15923424065113068 0.27978286147117615 0.40028223395347595
4 0.8761 0.37409037351608276 0.2662447690963745 0.5057417750358582 0.521942675113678
2 0.8619 0.14429864287376404 0.0 0.27526620030403137 0.20794858038425446
4 0.8385 0.23330672085285187 0.1690877228975296 0.3538208603858948 0.37937960028648376
4 0.8117 0.23231911659240723 0.6017274260520935 0.3478022813796997 0.81321120262146
4 0.8076 0.13928161561489105 0.5847579836845398 0.28125980496406555 0.8418833613395691
4 0.8030 0.8111961483955383 0.09253115952014923 0.8828193545341492 0.22473526000976562
4 0.7671 0.7591009736061096 0.24246856570243835 0.8864012360572815 0.4538733661174774
4 0.7478 0.29400530457496643 0.15686076879501343 0.44633719325065613 0.4124559164047241
4 0.7423 0.00019152760796714574 0.0 0.09676624834537506 0.14898529648780823
4 0.6231 0.7120293974876404 0.11916778236627579 0.8700804114341736 0.42171773314476013
4 0.5794 0.032646000385284424 0.14816325902938843 0.10383705794811249 0.2878124713897705
4 0.5581 0.031730275601148605 0.21608178317546844 0.10975279659032822 0.34627169370651245
4 0.5451 0.7449937462806702 0.7385506629943848 0.8634896874427795 0.9222349524497986
3 0.5130 0.33845049142837524 0.32771503925323486 0.4136042296886444 0.4665542542934418
6 0.5093 0.23121801018714905 0.40346136689186096 0.2875506579875946 0.5171293616294861
6 0.4844 0.06499731540679932 0.17785389721393585 0.1208762675523758 0.27708807587623596
6 0.4473 0.2173808068037033 0.43898773193359375 0.28489142656326294 0.5786144733428955
4 0.4436 0.7368813753128052 0.7124904990196228 0.8516153693199158 0.9057834148406982
4 0.4323 0.37846919894218445 0.3069542348384857 0.4364646375179291 0.4095720946788788
4 0.3375 0.5049479603767395 0.0361967496573925 0.6259652376174927 0.25754913687705994
6 0.2798 0.057968247681856155 0.21877385675907135 0.11582662165164948 0.345649391412735
6 0.2415 0.03189835697412491 0.14990268647670746 0.10216114670038223 0.2872055768966675
6 0.2094 0.06326496601104736 0.24555367231369019 0.12168429046869278 0.34824830293655396
3 0.1735 0.40453147888183594 0.3358592391014099 0.4726829528808594 0.45085409283638
4 0.1362 0.38832899928092957 0.38940125703811646 0.515579879283905 0.6219246983528137
3 0.1209 0.00031533240689896047 0.4960416555404663 0.05186627060174942 0.632351815700531
4 0.1062 0.29808342456817627 0.5976365804672241 0.43385353684425354 0.8200135827064514
