8 0.9820 0.10447938740253448 0.5538007020950317 0.19917446374893188 0.7046548128128052
0 0.9737 0.5343607068061829 0.718444287776947 0.5998157262802124 0.863770067691803
4 0.9443 0.09374360740184784 0.4301166832447052 0.16768662631511688 0.5584538578987122
2 0.9404 0.12961354851722717 0.352565735578537 0.25498825311660767 0.5751911997795105
4 0.9213 0.040303897112607956 0.43746325373649597 0.11850366741418839 0.5769447088241577
2 0.9038 0.022148381918668747 0.5548896193504333 0.13831926882266998 0.7622238397598267
4 0.8844 0.8176700472831726 0.1124391034245491 0.8731247186660767 0.21194717288017273
3 0.8779 0.7244024872779846 0.3718649446964264 0.7796361446380615 0.4665748178958893
4 0.8481 0.003561258316040039 0.31898289918899536 0.1681775450706482 0.6048762798309326
4 0.8405 0.0959995836019516 0.09563945978879929 0.2575104832649231 0.41398462653160095
4 0.8245 0.4457402229309082 0.4562399983406067 0.596801221370697 0.7213892340660095
3 0.8111 0.5381661653518677 0.35755419731140137 0.6040334105491638 0.46802589297294617
4 0.7919 0.018761813640594482 0.2787880599498749 0.09716976433992386 0.4152986407279968
4 0.7690 0.12588629126548767 0.0 0.27849167585372925 0.24335302412509918
4 0.7581 0.5675946474075317 0.2308809608221054 0.7329798340797424 0.5169252753257751
4 0.7541 0.634842574596405 0.23968887329101562 0.7656477093696594 0.47903499007225037
3 0.7392 0.7118025422096252 0.6801779866218567 0.7744534611701965 0.7903183102607727
4 0.7152 0.09687814861536026 0.0 0.24457880854606628 0.2327001392841339
4 0.7058 0.5710768103599548 0.6709385514259338 0.7130288481712341 0.9231657385826111
3 0.6306 0.781507134437561 0.702789306640625 0.8356946706771851 0.7981529831886292
4 0.6003 0.8850162625312805 0.6104338765144348 0.9993831515312195 0.8359047770500183
4 0.5945 0.5207918882369995 0.5718623399734497 0.6606028079986572 0.8276379108428955
3 0.5751 0.9277685284614563 0.36808523535728455 0.9751893877983093 0.4520964026451111
4 0.5710 0.566358208656311 0.611493706703186 0.7210639715194702 0.9075999855995178
4 0.5525 0.9049049615859985 0.18341878056526184 0.9997745752334595 0.4400273561477661
4 0.5428 0.0856994241476059 0.44163215160369873 0.22512154281139374 0.731614351272583
3 0.5394 0.5389207601547241 0.23605893552303314 0.6007358431816101 0.34613674879074097
3 0.5379 0.7225767970085144 0.33700644969940186 0.7767358422279358 0.4432310461997986
4 0.5135 0.5732240676879883 0.16929766535758972 0.7544166445732117 0.44158250093460083
4 0.4833 0.6791142821311951 0.18015789985656738 0.8149378299713135 0.4424659013748169
3 0.4701 0.47770994901657104 0.5198615789413452 0.5581471920013428 0.6448380351066589
3 0.4102 0.978964626789093 0.42698201537132263 1.0 0.5252580046653748
3 0.3921 0.673272430896759 0.43452876806259155 0.7215551733970642 0.5177786350250244
3 0.3736 0.7421672940254211 0.5190972089767456 0.8001070022583008 0.6076161861419678
4 0.3560 0.9128887057304382 0.24164704978466034 0.9997596740722656 0.504836916923523
3 0.3516 0.5018019676208496 0.5670883655548096 0.5672373175621033 0.6776461601257324
6 0.2745 0.9788637757301331 0.39380916953086853 1.0 0.5214335322380066
4 0.2616 0.6266378164291382 0.671694278717041 0.784168004989624 0.9460552930831909
4 0.2462 0.11712737381458282 0.4220890402793884 0.2811591327190399 0.7858574986457825
4 0.2283 0.028478752821683884 0.19792908430099487 0.10716349631547928 0.3447384834289551
6 0.2106 0.9803693890571594 0.35792750120162964 0.9999898672103882 0.5104517340660095
4 0.2068 0.028612900525331497 0.16357523202896118 0.1055314689874649 0.2908567786216736
4 0.1902 0.9113210439682007 0.5773472189903259 0.9998496770858765 0.8360843062400818
4 0.1892 0.01943516731262207 0.5722257494926453 0.1758025586605072 0.9125374555587769
3 0.1889 0.4983528256416321 0.3529330790042877 0.5614959597587585 0.4628450274467468
3 0.1861 0.7359676361083984 0.6646931767463684 0.7862831354141235 0.7631810307502747
4 0.1828 0.1255463808774948 0.35607391595840454 0.25714272260665894 0.6434656381607056
4 0.1729 0.023146796971559525 0.4144483804702759 0.22414210438728333 0.7282624244689941
4 0.1639 0.00045775173930451274 0.31223636865615845 0.1067192330956459 0.6464099884033203
3 0.1330 0.537731409072876 0.330229789018631 0.6060010194778442 0.4472636878490448
6 0.1238 0.6730852127075195 0.4347750246524811 0.7209974527359009 0.5173395872116089
4 0.1237 0.00024781227693893015 0.0 0.07844312489032745 0.1772405356168747
4 0.1177 0.677108883857727 0.5991397500038147 0.8277712464332581 0.8658572435379028
4 0.1137 0.0003078579902648926 0.0 0.13164633512496948 0.34466832876205444
3 0.1032 0.5412447452545166 0.5413447618484497 0.6118969321250916 0.6582878232002258
