0 0.9773 0.47825655341148376 0.17695482075214386 0.5436287522315979 0.32624736428260803
1 0.9447 0.5880275964736938 0.2284114807844162 0.6195642352104187 0.28449493646621704
1 0.9325 0.7556100487709045 0.23858687281608582 0.7869921326637268 0.29488226771354675
0 0.8832 0.7889723181724548 0.2905949056148529 0.8554803133010864 0.43946176767349243
2 0.8618 0.12166204303503036 0.0 0.24289636313915253 0.2012377679347992
1 0.8562 0.8851855993270874 0.3679402768611908 0.8977335095405579 0.3917926251888275
4 0.7777 0.7362969517707825 0.1940954178571701 0.9009206891059875 0.4833710789680481
6 0.6345 0.06143306568264961 0.18124648928642273 0.1242971420288086 0.30139440298080444
4 0.4441 0.6967276334762573 0.45860010385513306 0.8062159419059753 0.6916447281837463
6 0.3872 0.06029355525970459 0.20480643212795258 0.12731190025806427 0.33452633023262024
4 0.3751 0.034349922090768814 0.14894762635231018 0.10433091968297958 0.29285869002342224
4 0.3532 0.6686263680458069 0.5646923780441284 0.7727954387664795 0.7378405928611755
0 0.3200 0.33041343092918396 0.04620463028550148 0.38115987181663513 0.13436861336231232
6 0.3180 0.8458420038223267 0.09713948518037796 0.8996196985244751 0.19004783034324646
4 0.3003 0.68708336353302 0.5459789633750916 0.778218686580658 0.7286689877510071
1 0.2538 0.8220462799072266 0.20372238755226135 0.8336677551269531 0.2289855182170868
4 0.2501 0.8010246157646179 0.5939183831214905 0.9659467935562134 0.8856275677680969
4 0.2148 0.5384743809700012 0.18306715786457062 0.6680954098701477 0.37362948060035706
4 0.2143 0.5260062217712402 0.12651142477989197 0.6384507417678833 0.37767571210861206
1 0.1982 0.8168628811836243 0.2777041792869568 0.8493995666503906 0.32102930545806885
4 0.1594 0.7856367230415344 0.016501817852258682 0.9420148730278015 0.289308100938797
6 0.1557 0.05875426530838013 0.23389366269111633 0.11501596868038177 0.3429933190345764
4 0.1324 0.5905736088752747 0.2034066915512085 0.6731674075126648 0.37607529759407043
4 0.1265 0.032376646995544434 0.1988120973110199 0.10752366483211517 0.3439692258834839
6 0.1251 0.8397881984710693 0.06502891331911087 0.9057751893997192 0.18696729838848114
1 0.1228 0.8120638132095337 0.277620792388916 0.850812554359436 0.33065879344940186
4 0.1137 0.5676041841506958 0.19712914526462555 0.6667988896369934 0.3783092200756073
6 0.1133 0.03642783686518669 0.20775452256202698 0.10677464306354523 0.344354510307312
4 0.1053 0.8269714117050171 0.0252911988645792 0.9696281552314758 0.2813674807548523
