8 0.9807 0.27981626987457275 0.08359841257333755 0.3791484534740448 0.22567296028137207
0 0.9793 0.41719236969947815 0.23361214995384216 0.4824182391166687 0.3824992775917053
4 0.9025 0.14124825596809387 0.08872409164905548 0.31206443905830383 0.4072769582271576
4 0.9009 0.8169458508491516 0.11064107716083527 0.8738225698471069 0.21207790076732635
4 0.8407 0.48946142196655273 0.4495755434036255 0.6546034216880798 0.7311021685600281
3 0.8385 0.7551847696304321 0.6787733435630798 0.8188060522079468 0.7901102900505066
4 0.8347 0.14077505469322205 0.0 0.27628451585769653 0.23210036754608154
4 0.7904 0.6109156012535095 0.22696805000305176 0.791890561580658 0.5369128584861755
3 0.7502 0.826268196105957 0.7046002149581909 0.8811323046684265 0.7990376949310303
1 0.7352 0.018028754740953445 0.07144024968147278 0.03448565676808357 0.09607450664043427
3 0.7338 0.7679030299186707 0.36118343472480774 0.8266717195510864 0.4655240476131439
4 0.7278 0.6184974908828735 0.6663637161254883 0.7762068510055542 0.9237782955169678
4 0.6523 0.6210829615592957 0.16608573496341705 0.7874985933303833 0.42658352851867676
3 0.6289 0.5810642242431641 0.3348611295223236 0.6530896425247192 0.4679907262325287
4 0.5891 0.6796862483024597 0.2312299609184265 0.8328291773796082 0.49279412627220154
4 0.5447 0.09922619163990021 0.31738629937171936 0.2717595398426056 0.6306666731834412
6 0.5309 0.7179411053657532 0.43587726354599 0.7685089111328125 0.518117368221283
3 0.4853 0.5275933146476746 0.5643927454948425 0.614791750907898 0.6828828454017639
4 0.4547 0.616188108921051 0.5989198088645935 0.7811375856399536 0.8985891938209534
0 0.4094 0.007538056466728449 0.39136946201324463 0.11640319973230362 0.5806872844696045
4 0.3623 0.0024138926528394222 0.0 0.20336022973060608 0.37938961386680603
3 0.3444 0.5847091674804688 0.5386732220649719 0.6574779748916626 0.6577892899513245
3 0.3240 0.5802542567253113 0.32831811904907227 0.6431237459182739 0.4477906823158264
4 0.2995 0.07857277244329453 0.6347101330757141 0.2480274736881256 0.9320198893547058
1 0.2989 0.06032522767782211 0.04449106752872467 0.09581563621759415 0.1010100468993187
3 0.2892 0.7660219669342041 0.3286460041999817 0.8240681886672974 0.44173261523246765
4 0.2753 0.09965325146913528 0.5793730616569519 0.29777222871780396 0.9101883769035339
4 0.2636 0.09809140115976334 0.0 0.2385607212781906 0.28910183906555176
4 0.2529 0.029355008155107498 0.3235195577144623 0.22047090530395508 0.6449595093727112
4 0.2480 0.00098325009457767 0.0 0.1503668874502182 0.3598382771015167
4 0.2225 0.09668378531932831 0.0 0.2631147801876068 0.2295900583267212
4 0.2187 0.7242711186408997 0.610048234462738 0.8685677647590637 0.8481503129005432
3 0.1941 0.5845804810523987 0.6539758443832397 0.6542845368385315 0.7773264646530151
4 0.1841 0.6733187437057495 0.6692389249801636 0.8264663815498352 0.9465874433517456
3 0.1628 0.5824496150016785 0.24681948125362396 0.6391233801841736 0.34593379497528076
4 0.1443 0.04887364059686661 0.22291794419288635 0.10235775262117386 0.3328331708908081
4 0.1214 0.000549101852811873 0.06276717036962509 0.17088477313518524 0.39852985739707947
3 0.1056 0.7761039733886719 0.6666345596313477 0.8326776623725891 0.778289258480072
4 0.1054 0.034735582768917084 0.1679566651582718 0.10530523955821991 0.28857773542404175
