0 0.9808 0.5792067646980286 0.16045300662517548 0.6440848708152771 0.30969133973121643
8 0.9767 0.8260448575019836 0.5493108034133911 0.9258613586425781 0.6946926712989807
8 0.9762 0.800562858581543 0.6746030449867249 0.8939283490180969 0.8280180096626282
4 0.9010 0.7952309250831604 0.0 0.9830459356307983 0.30872711539268494
4 0.8938 0.7428104281425476 0.5919066071510315 0.9068437814712524 0.887384831905365
4 0.8807 0.6390559077262878 0.0 0.8258306980133057 0.23032879829406738
4 0.8591 0.8138513565063477 0.10564415901899338 0.8770254254341125 0.22135905921459198
4 0.8588 0.37656792998313904 0.4571037292480469 0.5115430951118469 0.6952776908874512
3 0.8544 0.3441985249519348 0.21866773068904877 0.4110398292541504 0.3356975317001343
4 0.8042 0.7117290496826172 0.11167403310537338 0.8852933049201965 0.4329940676689148
3 0.7971 0.34128111600875854 0.3546871542930603 0.40808945894241333 0.46719223260879517
4 0.7785 0.1886291205883026 0.23439811170101166 0.3357601463794708 0.499689519405365
4 0.6537 0.21759262681007385 0.6021698117256165 0.34378135204315186 0.813058614730835
4 0.6488 0.04025004059076309 0.17942658066749573 0.09680512547492981 0.2786655128002167
1 0.6457 0.9657875299453735 0.15421909093856812 0.9890487790107727 0.18744418025016785
4 0.6186 0.19960539042949677 0.16666755080223083 0.3563773036003113 0.4288973808288574
4 0.5935 0.3477576971054077 0.2338590770959854 0.5211523175239563 0.5473105907440186
1 0.5841 0.9198799133300781 0.09392333775758743 0.9575306177139282 0.14574293792247772
4 0.5778 0.8791082501411438 0.0 0.9997087717056274 0.2707168459892273
3 0.5610 0.18296943604946136 0.3674807548522949 0.22808890044689178 0.4538205862045288
1 0.5570 0.8813012838363647 0.18087230622768402 0.916023850440979 0.24119630455970764
4 0.5345 0.8560739755630493 0.07838957011699677 0.9996026754379272 0.41804394125938416
4 0.5244 0.10472843796014786 0.0 0.22035875916481018 0.196072518825531
1 0.4917 0.9303909540176392 0.09456147253513336 0.9583107233047485 0.1443697214126587
4 0.4515 0.15131868422031403 0.0 0.27519556879997253 0.21001574397087097
4 0.4296 0.24835920333862305 0.22488094866275787 0.4119734764099121 0.5162363648414612
6 0.4136 0.22975654900074005 0.43444153666496277 0.2808265686035156 0.5161347389221191
4 0.3020 0.7970880270004272 0.24680659174919128 0.9435327649116516 0.4893929958343506
3 0.2406 0.1262660026550293 0.692085862159729 0.18184557557106018 0.7843504548072815
4 0.2370 0.19257120788097382 0.6706544756889343 0.351545512676239 0.9493702054023743
1 0.2355 0.9239377975463867 0.06220275163650513 0.9494787454605103 0.10994961857795715
3 0.1987 0.03188104182481766 0.7052419185638428 0.08950625360012054 0.8004463911056519
3 0.1917 0.341253399848938 0.3230751156806946 0.4054909944534302 0.4341779053211212
3 0.1909 0.3974601924419403 0.5355225205421448 0.47564584016799927 0.6739214062690735
4 0.1681 0.00015138387971092016 0.0030236137099564075 0.06355108320713043 0.23564741015434265
4 0.1400 0.2384023219347 0.6624557375907898 0.41375255584716797 0.9659261107444763
3 0.1226 0.4068635404109955 0.30231398344039917 0.4655298888683319 0.3926595151424408
4 0.1105 0.03548501804471016 0.23463931679725647 0.08938056975603104 0.3436135947704315
