8 0.9815 0.4536193907260895 0.4686303734779358 0.5472205877304077 0.6265034079551697
0 0.9811 0.180942103266716 0.5294144153594971 0.24595999717712402 0.6769077181816101
8 0.9759 0.08090223371982574 0.004347478039562702 0.17497572302818298 0.15981441736221313
1 0.9444 0.20241639018058777 0.696178674697876 0.22905667126178741 0.7440316081047058
4 0.9325 0.14145907759666443 0.089958555996418 0.31158095598220825 0.40792495012283325
4 0.8938 0.8175680637359619 0.11225227266550064 0.8726373314857483 0.2114594727754593
3 0.8512 0.7557520270347595 0.6796505451202393 0.8192506432533264 0.7902350425720215
4 0.8305 0.1413409262895584 0.0 0.27492186427116394 0.23054488003253937
4 0.7948 0.6089960336685181 0.22443389892578125 0.796435534954071 0.5524190068244934
3 0.7921 0.8267234563827515 0.7058095335960388 0.880323588848114 0.7990363240242004
4 0.7761 0.11874976009130478 0.6885343194007874 0.29835695028305054 1.0
4 0.7731 0.0651571974158287 0.622871994972229 0.23929885029792786 0.9625870585441589
4 0.7311 0.6245477199554443 0.16864395141601562 0.7866578698158264 0.4393743574619293
0 0.6663 0.005669689271599054 0.39146000146865845 0.11405458301305771 0.5774717330932617
3 0.6493 0.7692233920097351 0.36374926567077637 0.8281984925270081 0.46551454067230225
4 0.6048 0.6785805821418762 0.23366433382034302 0.8100804686546326 0.4835434556007385
4 0.6002 0.6134183406829834 0.5966066718101501 0.7726945877075195 0.8923627138137817
4 0.5955 0.6168707013130188 0.6646632552146912 0.7841684222221375 0.9256267547607422
6 0.5855 0.7182687520980835 0.4362076222896576 0.7681261301040649 0.5177145004272461
3 0.5756 0.7673940658569336 0.3301422894001007 0.8224848508834839 0.43202608823776245
4 0.5516 0.4609352946281433 0.4257855713367462 0.6358216404914856 0.73159259557724
4 0.4134 0.041283320635557175 0.8057742714881897 0.25290149450302124 1.0
3 0.3498 0.5807675719261169 0.3300949037075043 0.6530045866966248 0.46917080879211426
3 0.3170 0.5250363349914551 0.5598273277282715 0.6148974299430847 0.6831923723220825
4 0.2819 0.04002196714282036 0.6671082973480225 0.24417582154273987 1.0
3 0.2047 0.5208064317703247 0.537178635597229 0.6079943180084229 0.6633709073066711
1 0.1822 0.13416391611099243 0.8278567790985107 0.1589602828025818 0.889130175113678
4 0.1652 0.7277833819389343 0.6093361973762512 0.8797817230224609 0.8888925909996033
4 0.1630 0.09285083413124084 0.0 0.25704535841941833 0.23299895226955414
3 0.1564 0.5858690738677979 0.5416668653488159 0.6575532555580139 0.6587648987770081
4 0.1481 0.6701124906539917 0.6632531881332397 0.8500289916992188 0.970794677734375
4 0.1453 0.04858020693063736 0.22397176921367645 0.10157588124275208 0.3336709439754486
1 0.1108 0.07286790013313293 0.2727850079536438 0.11422931402921677 0.34312567114830017
3 0.1063 0.7816247940063477 0.6679177284240723 0.8332874178886414 0.771624743938446
