0 0.9718 0.6667107343673706 0.12293112277984619 0.7319067716598511 0.2705221474170685
1 0.9600 0.6428247094154358 0.6067699790000916 0.6703894138336182 0.6550055742263794
7 0.9595 0.4624021649360657 0.13741756975650787 0.5369235873222351 0.27031853795051575
3 0.8989 0.1585870236158371 0.3318277895450592 0.23137688636779785 0.4553687274456024
3 0.8923 0.46055954694747925 0.3218594789505005 0.5381661653518677 0.45709237456321716
4 0.8761 0.6238166689872742 0.6315488219261169 0.7880096435546875 0.9371289014816284
4 0.8714 0.6349489688873291 0.22348958253860474 0.8328215479850769 0.5501783490180969
4 0.8640 0.789777398109436 0.17982889711856842 0.8551610708236694 0.3036779761314392
3 0.7787 0.7893065214157104 0.3623958230018616 0.8382914066314697 0.4539027810096741
3 0.7630 0.7876735925674438 0.5800703167915344 0.8365570306777954 0.6699949502944946
4 0.7557 0.5336205363273621 0.4676927328109741 0.6849337816238403 0.7612848877906799
3 0.7377 0.824629008769989 0.7519176602363586 0.9050367474555969 0.8901588916778564
3 0.7146 0.15787997841835022 0.5370614528656006 0.23310619592666626 0.6700053811073303
4 0.5968 0.8163365721702576 0.13061918318271637 0.887405514717102 0.2614291310310364
4 0.5879 0.09435718506574631 0.0 0.24456800520420074 0.2646154761314392
4 0.5622 0.9056159853935242 0.6062682271003723 0.9998920559883118 0.9135540723800659
4 0.5528 0.7391214966773987 0.43236812949180603 0.8757555484771729 0.7224476933479309
3 0.4391 0.09981673210859299 0.764819860458374 0.17368246614933014 0.8717778325080872
3 0.4222 0.35650205612182617 0.14001968502998352 0.4294997453689575 0.24878831207752228
3 0.4098 0.582323431968689 0.10618075728416443 0.6582567095756531 0.23664414882659912
3 0.2362 0.7677761316299438 0.33470672369003296 0.8294887542724609 0.4498627483844757
4 0.2290 0.4886830449104309 0.01233681570738554 0.6916042566299438 0.36791834235191345
3 0.2016 0.2199612557888031 0.12212825566530228 0.3083718419075012 0.25165462493896484
3 0.1985 0.4714590013027191 0.1188087910413742 0.5634986758232117 0.26735424995422363
3 0.1652 0.3364812731742859 0.11716955900192261 0.4001587927341461 0.23040716350078583
3 0.1444 0.3664138913154602 0.7972308993339539 0.4285208582878113 0.8970155119895935
3 0.1198 0.5383512377738953 0.1316733956336975 0.6125444173812866 0.2492876946926117
3 0.1082 0.4781722128391266 0.11478790640830994 0.5870717763900757 0.24439412355422974
4 0.1017 0.049991969019174576 0.2256467193365097 0.09873490035533905 0.3189184069633484
