0 0.9755 0.5837711691856384 0.4834986925125122 0.6492394804954529 0.6312675476074219
1 0.9619 0.7289508581161499 0.5081273317337036 0.7571393847465515 0.5585116744041443
1 0.9529 0.795873761177063 0.6890134811401367 0.8238199949264526 0.7387948036193848
6 0.9354 0.5269049406051636 0.7203664183616638 0.5973049402236938 0.8519558310508728
2 0.8686 0.09935052692890167 0.0 0.2343146800994873 0.21195921301841736
2 0.7785 0.14169853925704956 0.0 0.2774229943752289 0.21399779617786407
9 0.7094 0.8283130526542664 0.7657991051673889 0.8992450833320618 0.8871437907218933
1 0.6658 0.01812325231730938 0.07042577862739563 0.03318715840578079 0.09817354381084442
4 0.5644 0.6126683950424194 0.5180881023406982 0.7675734162330627 0.7938357591629028
6 0.5517 0.6436176300048828 0.21901415288448334 0.7106422185897827 0.3342905640602112
6 0.5403 0.8303621411323547 0.09722644090652466 0.9091091156005859 0.2396942377090454
4 0.5220 0.8221244812011719 0.11277231574058533 0.9021018743515015 0.25121617317199707
6 0.5046 0.05995471403002739 0.22962981462478638 0.12053138762712479 0.3477184772491455
4 0.4617 0.5731520056724548 0.47669491171836853 0.6739312410354614 0.7194812297821045
4 0.3912 0.08605989813804626 0.5653074979782104 0.24744972586631775 0.8752805590629578
6 0.3697 0.06090778112411499 0.17428819835186005 0.12153903394937515 0.2882215082645416
4 0.2496 0.0327894501388073 0.14619068801403046 0.10676250606775284 0.29265889525413513
4 0.2047 0.5926538109779358 0.4766322374343872 0.694446325302124 0.7046279311180115
3 0.1885 0.3018861711025238 0.6883631348609924 0.34961122274398804 0.7756064534187317
6 0.1837 0.0476188063621521 0.20020420849323273 0.11314205825328827 0.3431808352470398
3 0.1807 0.6673287153244019 0.25246813893318176 0.7154524326324463 0.34394949674606323
1 0.1382 0.6812222599983215 0.7485299706459045 0.7213038206100464 0.8172510266304016
1 0.1301 0.6565145254135132 0.7522528767585754 0.6858148574829102 0.7927573323249817
4 0.1225 0.6064515709877014 0.48656225204467773 0.7624272704124451 0.7423366904258728
