0 0.9682 0.7227309346199036 0.13821694254875183 0.7885621190071106 0.2849101424217224
0 0.9577 0.4782942831516266 0.17709286510944366 0.5425512790679932 0.32507583498954773
1 0.9469 0.6796385645866394 0.23407545685768127 0.7106691002845764 0.28953874111175537
1 0.8556 0.7377475500106812 0.26014405488967896 0.7716509103775024 0.3198297321796417
1 0.7998 0.5113052129745483 0.22098176181316376 0.5439127087593079 0.279786080121994
4 0.7549 0.09157512336969376 0.0 0.2512833774089813 0.23054708540439606
4 0.6381 0.6782703399658203 0.13931672275066376 0.8773241639137268 0.43901365995407104
4 0.6305 0.5986480712890625 0.1867334395647049 0.7707716226577759 0.4959074854850769
1 0.5448 0.6919519901275635 0.19688399136066437 0.7053940892219543 0.2249481976032257
1 0.4460 0.7974199056625366 0.2612532675266266 0.8131425976753235 0.2887113690376282
0 0.2580 0.33056995272636414 0.04080100730061531 0.3815804123878479 0.13374146819114685
1 0.2145 0.8232736587524414 0.31837260723114014 0.8366157412528992 0.3585515320301056
1 0.1789 0.7087520360946655 0.3718760311603546 0.7224264144897461 0.4034474790096283
4 0.1032 0.031536079943180084 0.16085535287857056 0.10702594369649887 0.2920786440372467
