3 0.9683 0.2690047025680542 0.223719984292984 0.3296643793582916 0.36032921075820923
0 0.9409 0.2546153962612152 0.4353138208389282 0.2806129455566406 0.48816731572151184
1 0.9405 0.3174387514591217 0.5543058514595032 0.36296239495277405 0.6030163764953613
1 0.9389 0.5761881470680237 0.43960821628570557 0.6210474371910095 0.4869304597377777
1 0.9312 0.3731735348701477 0.26958245038986206 0.41800880432128906 0.3177868723869324
1 0.9297 0.44383829832077026 0.29479509592056274 0.4880506992340088 0.3430263102054596
0 0.9248 0.2182992845773697 0.5988911986351013 0.2453141063451767 0.6512564420700073
1 0.9214 0.6511609554290771 0.24322007596492767 0.6916133165359497 0.28762635588645935
1 0.9132 0.4001457393169403 0.34417617321014404 0.4466581642627716 0.39356324076652527
3 0.5911 0.5285665392875671 0.6908806562423706 0.6111680865287781 0.8201622366905212
