3 0.9679 0.5184870958328247 0.547494649887085 0.5799463987350464 0.6827076077461243
1 0.9308 0.5896968245506287 0.41630518436431885 0.6349892020225525 0.46003958582878113
0 0.9298 0.5586944818496704 0.7062753438949585 0.5850168466567993 0.7562701106071472
1 0.9262 0.611056387424469 0.3346596360206604 0.6573723554611206 0.3783245086669922
1 0.9250 0.5388216972351074 0.42276135087013245 0.5847045183181763 0.46977436542510986
1 0.9248 0.5057910084724426 0.3595147728919983 0.5507161021232605 0.4007934629917145
1 0.9241 0.5525490045547485 0.3233647048473358 0.5966632962226868 0.3690063953399658
1 0.9239 0.5881261825561523 0.25882866978645325 0.6332912445068359 0.30725350975990295
1 0.9176 0.509991466999054 0.26383715867996216 0.5585146546363831 0.31038278341293335
0 0.3893 0.6026362180709839 0.7902631163597107 0.6354749202728271 0.8492976427078247
