3 0.9702 0.8803417086601257 0.4403718113899231 0.9551219940185547 0.5662017464637756
0 0.9688 0.42839381098747253 0.20879215002059937 0.4930054843425751 0.36016833782196045
3 0.9688 0.08790206164121628 0.43963825702667236 0.16269636154174805 0.5660229325294495
3 0.9634 0.39270177483558655 0.5508657693862915 0.46684959530830383 0.6746641993522644
4 0.9618 0.3645317852497101 0.27542567253112793 0.43837597966194153 0.40930965542793274
3 0.9614 0.5153815150260925 0.44270002841949463 0.5888106226921082 0.5662728548049927
1 0.9613 0.578121542930603 0.12425994873046875 0.6088217496871948 0.17967702448368073
4 0.9603 0.3217126727104187 0.3507513403892517 0.39497098326683044 0.4831832945346832
3 0.9566 0.5761082768440247 0.33280208706855774 0.6500775814056396 0.4563228189945221
4 0.9531 0.3835226595401764 0.46136564016342163 0.4587193727493286 0.5946952700614929
4 0.9523 0.33311861753463745 0.43982023000717163 0.407023161649704 0.5727836489677429
4 0.9498 0.37516841292381287 0.3701077699661255 0.4480549693107605 0.49985870718955994
4 0.9477 0.4132816195487976 0.3097563683986664 0.48699864745140076 0.4405759274959564
1 0.9425 0.5006219744682312 0.26240089535713196 0.5313585996627808 0.3177315592765808
3 0.9346 0.4534945785999298 0.4407948851585388 0.5278785228729248 0.5641005039215088
4 0.9329 0.4246845245361328 0.40137940645217896 0.4971185624599457 0.5318840742111206
4 0.8582 0.2963964343070984 0.0 0.5056865811347961 0.13812820613384247
4 0.8359 0.08811893314123154 0.0 0.27573859691619873 0.28429365158081055
4 0.4762 0.008312081918120384 0.0 0.22091297805309296 0.1867702454328537
4 0.4692 0.019985591992735863 0.20116716623306274 0.1057206392288208 0.34446319937705994
4 0.3631 0.42123088240623474 0.47868087887763977 0.5628930926322937 0.7172932028770447
4 0.3239 0.5133479237556458 0.10538676381111145 0.710802435874939 0.4190436601638794
4 0.3082 0.5995474457740784 0.26584336161613464 0.7211083769798279 0.5257590413093567
3 0.3013 0.5136134028434753 0.3303582966327667 0.584571123123169 0.4544425904750824
4 0.2885 0.1255609691143036 0.0 0.3081039786338806 0.279427707195282
4 0.1676 0.4678294062614441 0.5878958106040955 0.5257505178451538 0.6928574442863464
6 0.1308 0.13892307877540588 0.4434944987297058 0.21886682510375977 0.585709273815155
4 0.1241 0.027200965210795403 0.16001519560813904 0.10713789612054825 0.2928517758846283
