0 0.8859 0.2677236497402191 0.6175455451011658 0.33802860975265503 0.7681460976600647
6 0.8743 0.529728889465332 0.6081944108009338 0.597734272480011 0.7443774342536926
4 0.8691 0.3706515431404114 0.24396862089633942 0.4411592483520508 0.37507376074790955
4 0.7984 0.8384226560592651 0.10520260781049728 0.8689844608306885 0.1598091572523117
1 0.7451 0.13459667563438416 0.887113094329834 0.1460418403148651 0.9086832404136658
4 0.5062 0.23393768072128296 0.007172573823481798 0.266243577003479 0.06225321814417839
4 0.3971 0.42730972170829773 0.26742076873779297 0.4888480007648468 0.3825334310531616
1 0.2957 0.2155100256204605 0.8521154522895813 0.24748703837394714 0.9087709784507751
0 0.1761 0.3070853352546692 0.661285936832428 0.33777540922164917 0.7559521794319153
9 0.1631 0.4651300311088562 0.21412010490894318 0.4865371584892273 0.25042903423309326
1 0.1478 0.22438351809978485 0.7744004130363464 0.23780342936515808 0.7930895686149597
