0 0.9661 0.6000760197639465 0.1276184618473053 0.6817023158073425 0.29201120138168335
1 0.9209 0.6983850002288818 0.8182138800621033 0.7284657955169678 0.8730782270431519
3 0.9126 0.7677532434463501 0.6592336893081665 0.8424444198608398 0.7864551544189453
2 0.9005 0.18046672642230988 0.0 0.30050620436668396 0.19863756000995636
3 0.8959 0.15602660179138184 0.22369880974292755 0.23327812552452087 0.3522619605064392
5 0.7941 0.5241652727127075 0.47573694586753845 0.5763899683952332 0.5698610544204712
4 0.7764 0.7333471775054932 0.5092933773994446 0.8771458864212036 0.7336753606796265
4 0.7254 0.015989243984222412 0.0 0.1795903593301773 0.23299336433410645
6 0.6946 0.6612103581428528 0.49318593740463257 0.7084305882453918 0.5902234315872192
4 0.6863 0.8223075866699219 0.06688141077756882 0.8941793441772461 0.1898818463087082
2 0.6761 0.10106990486383438 0.0 0.25397664308547974 0.2003077119588852
5 0.6589 0.39455875754356384 0.479801207780838 0.4461731016635895 0.5679661631584167
5 0.6528 0.6987379193305969 0.6734586954116821 0.7608415484428406 0.7853705286979675
5 0.5710 0.4828658998012543 0.5796487927436829 0.5383732914924622 0.6707704663276672
4 0.5491 0.17167779803276062 0.16307173669338226 0.2403312623500824 0.26978591084480286
5 0.4852 0.46395063400268555 0.5855904817581177 0.5176989436149597 0.6792542338371277
4 0.4127 0.03477877378463745 0.14764423668384552 0.10666060447692871 0.293224573135376
5 0.3553 0.21969099342823029 0.2663481533527374 0.2795867919921875 0.36590754985809326
5 0.3115 0.1729874610900879 0.3458941876888275 0.23423752188682556 0.4594516456127167
5 0.2965 0.15290169417858124 0.34686580300331116 0.22090201079845428 0.4686201810836792
5 0.2963 0.15008124709129333 0.14472965896129608 0.22099724411964417 0.2612288296222687
6 0.2875 0.06314702332019806 0.1743803769350052 0.12346556037664413 0.29027220606803894
2 0.2626 0.10233385860919952 0.010868973098695278 0.2704668939113617 0.3241557478904724
2 0.2285 0.013416314497590065 0.0 0.19044917821884155 0.22454829514026642
5 0.1753 0.09183254092931747 0.22400996088981628 0.1671050637960434 0.3591853678226471
5 0.1721 0.41735315322875977 0.4680883586406708 0.4732787013053894 0.5636332035064697
6 0.1689 0.7674143314361572 0.808473527431488 0.8264204263687134 0.8932249546051025
1 0.1669 0.7153489589691162 0.6677595376968384 0.7320383787155151 0.7053989171981812
1 0.1519 0.47451362013816833 0.5616575479507446 0.4925442636013031 0.5910739302635193
5 0.1513 0.5465949773788452 0.48841699957847595 0.5951816439628601 0.5789196491241455
6 0.1513 0.06645436584949493 0.23625856637954712 0.12683017551898956 0.34467700123786926
4 0.1512 0.4803362488746643 0.34643223881721497 0.5392301082611084 0.45398151874542236
5 0.1464 0.8247656226158142 0.6784168481826782 0.8891074061393738 0.7828571200370789
6 0.1367 0.03799981251358986 0.15048429369926453 0.10285671800374985 0.2887365520000458
4 0.1362 0.7479751706123352 0.6981833577156067 0.7916061282157898 0.7919984459877014
4 0.1301 0.15376660227775574 0.3099445402622223 0.21832062304019928 0.42447909712791443
6 0.1246 0.6445122957229614 0.4930860698223114 0.6918805241584778 0.5886296629905701
