8 0.9826 0.24745230376720428 0.004681036341935396 0.3388980031013489 0.1619729846715927
8 0.9806 0.729396641254425 0.09367411583662033 0.8230692148208618 0.24966219067573547
0 0.9712 0.5368714928627014 0.4275576174259186 0.6020705103874207 0.5757770538330078
3 0.9160 0.22086872160434723 0.33015182614326477 0.29186615347862244 0.4530503451824188
3 0.8783 0.28048795461654663 0.22120246291160583 0.35311058163642883 0.34449195861816406
3 0.8766 0.6463961005210876 0.2213936299085617 0.7189721465110779 0.34552133083343506
3 0.8522 0.3595222532749176 0.4702187478542328 0.41141802072525024 0.5631348490715027
3 0.7971 0.3005942106246948 0.6878879070281982 0.35013726353645325 0.7782911658287048
3 0.7887 0.7242039442062378 0.3620842397212982 0.7777127623558044 0.45630261301994324
3 0.7462 0.18036222457885742 0.4659872353076935 0.22953343391418457 0.5637321472167969
3 0.7137 0.24337658286094666 0.5778785943984985 0.2897968292236328 0.6724017262458801
3 0.6106 0.5893282294273376 0.44147229194641113 0.6575331091880798 0.5612785220146179
3 0.5783 0.766323447227478 0.43386077880859375 0.8413807153701782 0.5616163611412048
3 0.5222 0.7312960028648376 0.5808952450752258 0.77628493309021 0.6695954203605652
3 0.4316 0.22548361122608185 0.29209721088409424 0.2827313244342804 0.3851664364337921
3 0.3213 0.2811095416545868 0.17881374061107635 0.3438545763492584 0.29213619232177734
4 0.2304 0.17996659874916077 0.25340327620506287 0.31545811891555786 0.4770088493824005
4 0.1990 0.10587699711322784 0.0 0.2483239769935608 0.22198577225208282
3 0.1967 0.7092567682266235 0.3459269106388092 0.7767965197563171 0.45332199335098267
4 0.1507 0.03620936721563339 0.17007291316986084 0.10460665822029114 0.2856735587120056
3 0.1229 0.16063928604125977 0.4632225036621094 0.22221426665782928 0.5608625411987305
