0 0.9770 0.2719994783401489 0.36645638942718506 0.3369792401790619 0.5139642953872681
3 0.9692 0.5223225355148315 0.4408135414123535 0.5975018739700317 0.5670493841171265
3 0.9613 0.15688633918762207 0.7650056481361389 0.23210130631923676 0.8932065963745117
3 0.9606 0.7661119699478149 0.7654500603675842 0.8421293497085571 0.8950703740119934
3 0.9596 0.15749478340148926 0.11673501133918762 0.23157736659049988 0.24257512390613556
3 0.9581 0.4012189209461212 0.4419079124927521 0.475631445646286 0.5663431882858276
2 0.9095 0.11832475662231445 0.0 0.24460378289222717 0.20522744953632355
4 0.8653 0.43418675661087036 0.30526047945022583 0.5624210238456726 0.5407564640045166
0 0.8509 0.8467161655426025 0.7558056712150574 0.8843737244606018 0.8322761654853821
4 0.8478 0.06593183428049088 0.6366601586341858 0.19768638908863068 0.8896725177764893
4 0.7489 0.8033407330513 0.10709567368030548 0.8656724691390991 0.2149191051721573
0 0.6750 0.11624591052532196 0.10197694599628448 0.1542535126209259 0.18169640004634857
4 0.6446 0.8243897557258606 0.071968674659729 0.8857918977737427 0.18770340085029602
6 0.5653 0.06211845949292183 0.18106359243392944 0.12084188312292099 0.2966204285621643
4 0.4953 0.8024194836616516 0.6305052638053894 0.9175363779067993 0.853710412979126
6 0.3256 0.0609600767493248 0.2095111459493637 0.12291009724140167 0.33064982295036316
2 0.2396 0.0980098694562912 0.0 0.21760845184326172 0.20409096777439117
4 0.2283 0.06726741790771484 0.0 0.2180575430393219 0.17587977647781372
4 0.1592 0.03711360692977905 0.14939698576927185 0.10421212017536163 0.29125338792800903
6 0.1408 0.037154387682676315 0.15693914890289307 0.10374567657709122 0.28851476311683655
4 0.1393 0.032810550183057785 0.20705409348011017 0.10662901401519775 0.3433196544647217
6 0.1368 0.030905965715646744 0.2266339659690857 0.10503645241260529 0.34846335649490356
6 0.1302 0.06015663221478462 0.2386946827173233 0.11439351737499237 0.34224000573158264
5 0.1182 0.11383306980133057 0.7551437616348267 0.1567322164773941 0.8345996141433716
6 0.1010 0.04385038837790489 0.20821037888526917 0.1096087172627449 0.34203627705574036
