0 0.9771 0.26097893714904785 0.35224083065986633 0.3421001434326172 0.5168306231498718
7 0.9758 0.5260857343673706 0.3654490113258362 0.5943360924720764 0.4856969118118286
7 0.9742 0.40405330061912537 0.3655489683151245 0.47231847047805786 0.48574140667915344
7 0.9740 0.46496152877807617 0.2557167112827301 0.5331106185913086 0.37807533144950867
7 0.9655 0.4646838307380676 0.47349900007247925 0.5332754850387573 0.5945503115653992
1 0.9592 0.34047213196754456 0.3918758034706116 0.3675733506679535 0.441369891166687
3 0.9189 0.7080698013305664 0.3313050866127014 0.7798179388046265 0.45258229970932007
3 0.9165 0.7652225494384766 0.21574822068214417 0.8411075472831726 0.34744855761528015
3 0.8811 0.09494655579328537 0.7640260457992554 0.17015089094638824 0.8869386315345764
3 0.8649 0.23760533332824707 0.5745299458503723 0.28912386298179626 0.6691784858703613
4 0.8135 0.023828506469726562 0.00752292200922966 0.17267823219299316 0.24031858146190643
2 0.8033 0.16687904298305511 0.0 0.3024853467941284 0.2159600555896759
4 0.6362 0.6159783601760864 0.3949345052242279 0.7372804284095764 0.5976190567016602
3 0.5916 0.7056597471237183 0.5385951399803162 0.7811574339866638 0.6707608699798584
4 0.5825 0.02259516716003418 0.012995168566703796 0.1384708732366562 0.2256515920162201
3 0.5532 0.7870412468910217 0.6821658611297607 0.8454970121383667 0.7789101600646973
4 0.5201 0.16307643055915833 0.23579120635986328 0.30137696862220764 0.4690494239330292
4 0.4781 0.08244537562131882 0.06551988422870636 0.15589261054992676 0.19561481475830078
4 0.4642 0.03787866607308388 0.1674080789089203 0.10076209902763367 0.2826106548309326
4 0.4331 0.8168233036994934 0.109621062874794 0.8944116234779358 0.2385692447423935
2 0.4085 0.10120196640491486 0.0 0.23754754662513733 0.2184036672115326
3 0.3672 0.4687105119228363 0.4300357401371002 0.5348854064941406 0.5594982504844666
3 0.3638 0.1601848155260086 0.24193093180656433 0.22057123482227325 0.3405829071998596
3 0.3399 0.8273240327835083 0.7589029669761658 0.9024603366851807 0.8897444009780884
6 0.3080 0.46906527876853943 0.2112751454114914 0.5325701832771301 0.34351298213005066
4 0.2627 0.08874884247779846 0.07562137395143509 0.16742339730262756 0.20930947363376617
4 0.2592 0.09916331619024277 0.0 0.2387540340423584 0.2185116857290268
4 0.2528 0.8236595392227173 0.08782695978879929 0.8870040774345398 0.22177445888519287
4 0.2394 0.46877098083496094 0.47063174843788147 0.5448983311653137 0.5928756594657898
4 0.1645 0.14134390652179718 0.19336365163326263 0.29109814763069153 0.43993276357650757
3 0.1481 0.17777052521705627 0.683544933795929 0.22754821181297302 0.7775787115097046
6 0.1385 0.06894156336784363 0.16406433284282684 0.12650872766971588 0.28445878624916077
4 0.1362 0.0969432145357132 0.04126713424921036 0.1595507562160492 0.16066576540470123
4 0.1229 0.08296315371990204 0.04717046394944191 0.15585283935070038 0.16947826743125916
3 0.1195 0.7109656929969788 0.29535385966300964 0.7703387141227722 0.3905860185623169
4 0.1072 0.051142945885658264 0.2265721708536148 0.09959422051906586 0.30891773104667664
