8 0.9637 0.8217459321022034 0.627441942691803 0.9152994751930237 0.7830162048339844
0 0.9582 0.46813684701919556 0.07974546402692795 0.532904863357544 0.22955766320228577
8 0.9516 0.1426364630460739 0.060666657984256744 0.2369816154241562 0.21584239602088928
9 0.3639 0.6480273604393005 0.2141479253768921 0.6690563559532166 0.25652581453323364
6 0.3625 0.5864221453666687 0.42916882038116455 0.609973132610321 0.47364887595176697
9 0.3381 0.22208839654922485 0.3212648630142212 0.24302561581134796 0.3588523864746094
6 0.1987 0.28011640906333923 0.2119271159172058 0.30736681818962097 0.2583513855934143
4 0.1406 0.9773229360580444 0.1675940603017807 0.9998337030410767 0.23904944956302643
4 0.1304 0.8780056238174438 0.14258567988872528 0.9079380035400391 0.1898348480463028
6 0.1285 0.8022035360336304 0.25972408056259155 0.8198690414428711 0.29860541224479675
9 0.1056 0.28123244643211365 0.2134004831314087 0.3055604100227356 0.25659066438674927
