0 0.9808 0.23458996415138245 0.1419672667980194 0.29918813705444336 0.2907034158706665
8 0.9739 0.4594338536262512 0.2323976755142212 0.5531503558158875 0.38267049193382263
3 0.9661 0.401083767414093 0.33198919892311096 0.4763118624687195 0.45772993564605713
3 0.9647 0.3399442136287689 0.44151175022125244 0.4144635498523712 0.566886842250824
3 0.9626 0.5843998193740845 0.4420779049396515 0.6583837866783142 0.5661211609840393
8 0.9587 0.5211974382400513 0.343019962310791 0.6151067614555359 0.49565988779067993
1 0.9584 0.23795992136001587 0.33079198002815247 0.2690523564815521 0.38593029975891113
3 0.9384 0.46480855345726013 0.663871169090271 0.5340043306350708 0.7797672748565674
4 0.9357 0.429312527179718 0.5149103999137878 0.515825629234314 0.6693600416183472
4 0.9240 0.43817538022994995 0.4252255856990814 0.5153053402900696 0.554883599281311
3 0.9101 0.4029759168624878 0.5450537800788879 0.4810084104537964 0.6724053025245667
4 0.8879 0.445364385843277 0.38698941469192505 0.5234819650650024 0.5178461074829102
8 0.8839 0.4879210591316223 0.34458398818969727 0.5746151208877563 0.498420774936676
4 0.8756 0.19945092499256134 0.30585068464279175 0.3646683394908905 0.5856910943984985
1 0.8743 0.2161283791065216 0.8174197673797607 0.25153377652168274 0.8803439736366272
4 0.8431 0.520257294178009 0.5421879887580872 0.5987479090690613 0.6818419098854065
4 0.8211 0.8412126898765564 0.05317064747214317 0.9057527184486389 0.16615357995033264
3 0.7685 0.824469268321991 0.20759320259094238 0.902664065361023 0.34779900312423706
4 0.7500 0.10738630592823029 0.0 0.24925346672534943 0.22060661017894745
1 0.6812 0.2406197041273117 0.8727108240127563 0.25403714179992676 0.8980380296707153
3 0.6465 0.8269771337509155 0.6596285104751587 0.8942697644233704 0.7852388024330139
4 0.5740 0.8271564245223999 0.09649210423231125 0.9092521667480469 0.23998981714248657
3 0.5145 0.1009906530380249 0.6529702544212341 0.1661265790462494 0.7661501169204712
3 0.4842 0.11624760925769806 0.2491782307624817 0.16835522651672363 0.3460709750652313
1 0.4713 0.24415087699890137 0.8051149249076843 0.25934940576553345 0.8306401371955872
4 0.4452 0.42367133498191833 0.37754032015800476 0.611843466758728 0.6991102695465088
9 0.2834 0.8272402286529541 0.654015839099884 0.9013661742210388 0.7863908410072327
3 0.2481 0.8269399404525757 0.7650467157363892 0.9038804769515991 0.9010282754898071
4 0.1750 0.03554285690188408 0.1634356677532196 0.10391905903816223 0.2881494164466858
9 0.1367 0.09464731067419052 0.6786848306655884 0.1505964696407318 0.7768167853355408
9 0.1180 0.10196411609649658 0.654255747795105 0.16504859924316406 0.7676817774772644
