0 0.9752 0.5261669158935547 0.5686436891555786 0.591952919960022 0.718120813369751
8 0.9700 0.16479994356632233 0.6825613975524902 0.2579088807106018 0.8360214233398438
1 0.9127 0.4604261517524719 0.5636796951293945 0.4889490008354187 0.6141393780708313
4 0.9079 0.1653108149766922 0.17171677947044373 0.29228895902633667 0.3889712393283844
2 0.8917 0.10223312675952911 0.0 0.22606849670410156 0.20099219679832458
4 0.8913 0.4003435969352722 0.26448148488998413 0.5341665744781494 0.5201708674430847
2 0.8284 0.13207583129405975 0.0 0.2595260739326477 0.19681574404239655
4 0.8165 0.2544125020503998 0.6035531163215637 0.3621273934841156 0.8125635981559753
4 0.7886 0.25371670722961426 0.17382918298244476 0.35898369550704956 0.3770701587200165
4 0.7809 0.6202099919319153 0.0787094235420227 0.7613604068756104 0.2926490008831024
6 0.6969 0.4312547743320465 0.46239420771598816 0.4871726930141449 0.5889104008674622
6 0.6613 0.8180834650993347 0.1105688139796257 0.908731997013092 0.257867693901062
4 0.6555 0.00029495955095626414 0.15576240420341492 0.1307946741580963 0.4073370099067688
4 0.6523 0.11016960442066193 0.598802924156189 0.19332948327064514 0.7223905324935913
6 0.6379 0.4175984263420105 0.4326632022857666 0.47926148772239685 0.5349321961402893
4 0.6122 0.6679790616035461 0.15643662214279175 0.8044408559799194 0.3754321038722992
4 0.6082 0.11769585311412811 0.6062548160552979 0.19321441650390625 0.7564405798912048
4 0.6021 0.3151889741420746 0.1674453765153885 0.4529457092285156 0.39962249994277954
6 0.5854 0.4318695664405823 0.4629146456718445 0.48513081669807434 0.5529494285583496
6 0.5777 0.23662304878234863 0.4421321451663971 0.30139580368995667 0.5797616243362427
4 0.4902 0.03086042031645775 0.22216525673866272 0.10440540313720703 0.34630340337753296
4 0.4539 0.3167341351509094 0.5918463468551636 0.45698481798171997 0.8227739334106445
4 0.4397 0.16173063218593597 0.8057969808578491 0.21680012345314026 0.9015129804611206
4 0.4366 0.03225421532988548 0.14447768032550812 0.10481686890125275 0.28753745555877686
4 0.4065 0.1642051339149475 0.662534236907959 0.32090604305267334 0.9121227860450745
4 0.3812 0.21285967528820038 0.6601895689964294 0.3333817720413208 0.918596625328064
4 0.3774 0.8467033505439758 0.1537172496318817 0.9149929285049438 0.2750959098339081
4 0.3760 0.14413289725780487 0.6124629378318787 0.31390124559402466 0.9026901125907898
6 0.3472 0.06154817342758179 0.23041874170303345 0.12297841906547546 0.3466143310070038
4 0.3447 0.6517016291618347 0.07416143268346786 0.8121874332427979 0.31950411200523376
6 0.3337 0.42956942319869995 0.42390432953834534 0.4890872836112976 0.5317875742912292
6 0.3311 0.06507960706949234 0.17866897583007812 0.1209302768111229 0.27801835536956787
4 0.3112 0.1784704327583313 0.0404588058590889 0.24276027083396912 0.15704922378063202
3 0.2625 0.11538078635931015 0.6741730570793152 0.1952705681324005 0.7808008193969727
7 0.2548 0.056213296949863434 0.435960978269577 0.12193143367767334 0.5598565936088562
4 0.2159 0.48205652832984924 0.14715847373008728 0.5867734551429749 0.4009556174278259
4 0.2016 0.49062854051589966 0.08758419752120972 0.6128522157669067 0.29584404826164246
4 0.2004 0.5287187695503235 0.09815618395805359 0.6471377015113831 0.2858046591281891
4 0.1934 0.5078732371330261 0.0658620223402977 0.6311066746711731 0.27226316928863525
4 0.1924 0.4295520782470703 0.15196990966796875 0.5751579403877258 0.3974130153656006
4 0.1777 0.12229068577289581 0.6060827374458313 0.1913604438304901 0.7063401937484741
6 0.1751 0.02753281593322754 0.14895206689834595 0.10318263620138168 0.28956103324890137
4 0.1676 0.03108503855764866 0.24271635711193085 0.09200727194547653 0.3541737198829651
4 0.1575 0.49712198972702026 0.13705478608608246 0.638268768787384 0.40001413226127625
4 0.1568 0.14082032442092896 0.7632517218589783 0.2886357307434082 0.9189252853393555
6 0.1555 0.4231496751308441 0.5259987711906433 0.4779912829399109 0.629852831363678
6 0.1553 0.44177311658859253 0.44337284564971924 0.4867067337036133 0.5406566262245178
6 0.1408 0.4082716703414917 0.43864569067955017 0.47470715641975403 0.562416672706604
4 0.1304 0.7305284142494202 0.12262364476919174 0.780425488948822 0.21677929162979126
5 0.1294 0.23495125770568848 0.44419723749160767 0.30248042941093445 0.5770906209945679
6 0.1178 0.8390864133834839 0.11229987442493439 0.9159253239631653 0.2631716728210449
