7 0.9739 0.39729785919189453 0.3558906614780426 0.4780479371547699 0.48969727754592896
7 0.9729 0.459178626537323 0.24607238173484802 0.5390961766242981 0.38010337948799133
0 0.9724 0.2637709081172943 0.35092785954475403 0.34511497616767883 0.511379599571228
7 0.9695 0.5193132162094116 0.35527005791664124 0.600411057472229 0.489260196685791
7 0.9575 0.45862647891044617 0.46425047516822815 0.5385518670082092 0.5975430607795715
3 0.9185 0.7651354074478149 0.21521203219890594 0.8414070010185242 0.34765273332595825
3 0.9183 0.7079021334648132 0.33123669028282166 0.7798420190811157 0.4527437090873718
3 0.8859 0.09486567974090576 0.7645097374916077 0.17024703323841095 0.8873484134674072
3 0.8454 0.23665432631969452 0.5740724802017212 0.2892250716686249 0.6694515943527222
2 0.8358 0.1636696457862854 0.0 0.3032133877277374 0.21809633076190948
4 0.8189 0.02276761457324028 0.0055716619826853275 0.17333634197711945 0.24079854786396027
4 0.6994 0.47463518381118774 0.4871605336666107 0.5502480864524841 0.6132849454879761
4 0.6118 0.615854799747467 0.39403194189071655 0.7369470000267029 0.598231315612793
3 0.5901 0.7054706811904907 0.5384617447853088 0.781193733215332 0.6709288358688354
3 0.5172 0.7866013646125793 0.6815103888511658 0.8464575409889221 0.7790530920028687
3 0.4557 0.4679737687110901 0.47346529364585876 0.541580855846405 0.5963696241378784
4 0.4528 0.08131243288516998 0.062490314245224 0.15751464664936066 0.19630220532417297
4 0.4510 0.037499308586120605 0.1660591959953308 0.10114951431751251 0.2832082211971283
4 0.4504 0.8141776919364929 0.11080631613731384 0.9015731811523438 0.25338226556777954
4 0.4205 0.022193098440766335 0.013080257922410965 0.13861402869224548 0.2149815857410431
3 0.3920 0.8271944522857666 0.7581396102905273 0.9026537537574768 0.8899411559104919
3 0.3832 0.4686550796031952 0.42911019921302795 0.535029947757721 0.5555787682533264
2 0.3821 0.10059132426977158 0.0 0.23825311660766602 0.22039417922496796
4 0.2798 0.4144137501716614 0.08942017704248428 0.5819157958030701 0.3932977318763733
4 0.2630 0.08818474411964417 0.07390948385000229 0.16838426887989044 0.2122376710176468
4 0.2393 0.10116779804229736 0.0 0.2399277687072754 0.21371056139469147
4 0.2382 0.823708713054657 0.08788047730922699 0.8874942660331726 0.22168514132499695
4 0.1672 0.5381684899330139 0.38004225492477417 0.6136729121208191 0.5089977383613586
3 0.1366 0.7098438143730164 0.2955249845981598 0.7703855633735657 0.39255383610725403
7 0.1328 0.46208325028419495 0.21358761191368103 0.5350175499916077 0.3473154604434967
4 0.1300 0.05025308206677437 0.22570016980171204 0.10049004852771759 0.3153456747531891
6 0.1221 0.06830479949712753 0.16286620497703552 0.12714186310768127 0.2866034507751465
3 0.1183 0.1614365577697754 0.2427179366350174 0.22499318420886993 0.3422098755836487
4 0.1153 0.09625871479511261 0.039656270295381546 0.16002169251441956 0.16289478540420532
