0 0.9782 0.29196521639823914 0.37049922347068787 0.3571667969226837 0.5197355151176453
3 0.9612 0.8270882964134216 0.7667437791824341 0.9009057283401489 0.8917512893676758
3 0.9488 0.09730532765388489 0.11478579789400101 0.17099879682064056 0.24015271663665771
2 0.9003 0.09328818321228027 0.0 0.22588315606117249 0.2105245739221573
5 0.8887 0.3694189190864563 0.390074759721756 0.44030076265335083 0.5200275778770447
4 0.8740 0.14177687466144562 0.03061724826693535 0.2176842987537384 0.16255702078342438
5 0.8021 0.6890499591827393 0.3848176598548889 0.7569531202316284 0.5085338950157166
6 0.7414 0.06463179737329483 0.1777392029762268 0.12221427261829376 0.29587864875793457
5 0.7259 0.3328966200351715 0.43020206689834595 0.40179190039634705 0.549345076084137
4 0.6451 0.8262779116630554 0.09732994437217712 0.8977500796318054 0.22668977081775665
6 0.5262 0.060326267033815384 0.19148847460746765 0.128447026014328 0.33063429594039917
6 0.5055 0.8336343765258789 0.09836079925298691 0.9090612530708313 0.2435336709022522
6 0.3418 0.8264524340629578 0.0952693298459053 0.8975687026977539 0.2274872064590454
4 0.2464 0.037044648081064224 0.1501198261976242 0.10591845214366913 0.288737952709198
6 0.1868 0.06091046333312988 0.25589069724082947 0.11379964649677277 0.3425455689430237
4 0.1338 0.3272380828857422 0.6574776768684387 0.4033558964729309 0.7800788283348083
4 0.1316 0.032826147973537445 0.20366232097148895 0.10647120326757431 0.34391337633132935
6 0.1266 0.031007563695311546 0.22622129321098328 0.10533764958381653 0.34886041283607483
