0 0.9753 0.4758010804653168 0.20843085646629333 0.5411031246185303 0.3580036163330078
3 0.9619 0.8270326852798462 0.766786515712738 0.9008547067642212 0.8918582201004028
1 0.9610 0.0901411697268486 0.6740192174911499 0.12126166373491287 0.7292002439498901
1 0.9579 0.36285167932510376 0.3197459876537323 0.39453232288360596 0.3757191002368927
3 0.9477 0.09722255170345306 0.11469821631908417 0.17106463015079498 0.23975114524364471
5 0.9469 0.11769071966409683 0.4953838884830475 0.18741896748542786 0.6278452277183533
2 0.8954 0.09346736967563629 0.0 0.22606611251831055 0.21043896675109863
4 0.8620 0.14170509576797485 0.030255641788244247 0.2181360274553299 0.16299645602703094
5 0.8403 0.32316574454307556 0.5062807202339172 0.3914698362350464 0.6351975202560425
5 0.8146 0.8307342529296875 0.43255317211151123 0.9006805419921875 0.5624130964279175
6 0.7276 0.06439089775085449 0.1777944415807724 0.12274174392223358 0.29784902930259705
4 0.6091 0.8264166116714478 0.09718536585569382 0.8981027603149414 0.22733038663864136
6 0.5247 0.06017501279711723 0.19047118723392487 0.12866851687431335 0.3319036364555359
6 0.4906 0.833587646484375 0.09846187382936478 0.9092689752578735 0.24367935955524445
6 0.4043 0.8267116546630859 0.09511137753725052 0.8981502652168274 0.22797681391239166
4 0.2364 0.035709917545318604 0.1492258757352829 0.1060422882437706 0.2891933023929596
6 0.1754 0.03135109692811966 0.2279946208000183 0.10515110939741135 0.34864136576652527
6 0.1593 0.05966753885149956 0.23527611792087555 0.11514642089605331 0.3426451086997986
4 0.1048 0.44543734192848206 0.12911787629127502 0.5817312598228455 0.3738805651664734
