8 0.9675 0.7569037079811096 0.5951492190361023 0.8472074866294861 0.754608690738678
0 0.9641 0.5182650685310364 0.21217091381549835 0.5835737586021423 0.35949352383613586
6 0.4469 0.5863973498344421 0.42938917875289917 0.6096786260604858 0.47551923990249634
9 0.3944 0.2221507579088211 0.3214409649372101 0.24227872490882874 0.3562796711921692
9 0.3093 0.6481426358222961 0.21382607519626617 0.6692398190498352 0.2561916708946228
6 0.2051 0.8011295199394226 0.2594291865825653 0.8197763562202454 0.29942288994789124
4 0.1525 0.8779190182685852 0.14204932749271393 0.9080207943916321 0.189994215965271
6 0.1480 0.6483554840087891 0.21355277299880981 0.6697410345077515 0.24933022260665894
6 0.1182 0.6693322062492371 0.20022478699684143 0.7067328095436096 0.2658733129501343
9 0.1074 0.6568590402603149 0.0052499426528811455 0.7068659067153931 0.04104064404964447
