0 0.9604 0.13790260255336761 0.4168923795223236 0.2211027443408966 0.5833001732826233
4 0.9083 0.27522239089012146 0.37501662969589233 0.3452274203300476 0.5020824670791626
4 0.8968 0.7142808437347412 0.49514952301979065 0.7825311422348022 0.6211357712745667
4 0.8966 0.22063231468200684 0.24623693525791168 0.29227954149246216 0.3752261698246002
4 0.8851 0.35207024216651917 0.2625381052494049 0.4222429394721985 0.3871775269508362
4 0.8827 0.6326086521148682 0.3549732267856598 0.7036307454109192 0.48120325803756714
4 0.8262 0.6380129456520081 0.4630301594734192 0.7234014868736267 0.6103768348693848
4 0.8203 0.5867631435394287 0.48296546936035156 0.6563760042190552 0.6053314805030823
4 0.8019 0.276399165391922 0.24453260004520416 0.36254894733428955 0.3881607949733734
4 0.7603 0.8374170660972595 0.10192996263504028 0.8704022765159607 0.16202344000339508
4 0.5054 0.04891009256243706 0.021680952981114388 0.1267758160829544 0.17996516823768616
6 0.4887 0.646833598613739 0.6430714726448059 0.672215461730957 0.6987382769584656
6 0.4306 0.7282008528709412 0.5955367684364319 0.7743609547615051 0.6847609877586365
9 0.3420 0.6469823718070984 0.6444600224494934 0.6697071194648743 0.6858466267585754
6 0.2848 0.5864965915679932 0.42798376083374023 0.6111356616020203 0.47522109746932983
4 0.1635 0.8187734484672546 0.16128535568714142 0.8361402750015259 0.19257545471191406
4 0.1028 0.13016876578330994 0.035534512251615524 0.20396685600280762 0.16074639558792114
