0 0.9518 0.7416960000991821 0.42933687567710876 0.825884997844696 0.5906291604042053
1 0.9331 0.7624407410621643 0.5917544364929199 0.78977370262146 0.6407942771911621
6 0.9249 0.5875727534294128 0.4997076094150543 0.6591863036155701 0.6360450983047485
6 0.9155 0.40367937088012695 0.7159344553947449 0.47450152039527893 0.8529756665229797
6 0.8844 0.2839416563510895 0.17327775061130524 0.35242971777915955 0.30985474586486816
1 0.6246 0.9223012328147888 0.400876522064209 0.9519690275192261 0.4547960162162781
6 0.5745 0.39510270953178406 0.5401761531829834 0.42610663175582886 0.603936493396759
4 0.5737 0.04713454097509384 0.02020314522087574 0.12738220393657684 0.18210698664188385
4 0.2003 0.977033793926239 0.16760890185832977 0.9998437762260437 0.2403002381324768
1 0.1211 0.9174524545669556 0.6055959463119507 0.9281187057495117 0.6247248649597168
