7 0.9755 0.4071710705757141 0.3571311831474304 0.48356199264526367 0.49213817715644836
7 0.9715 0.5213919878005981 0.352938175201416 0.5979979038238525 0.48807281255722046
7 0.9670 0.44612303376197815 0.4739878475666046 0.5218744277954102 0.6085568070411682
0 0.9660 0.6413687467575073 0.25148800015449524 0.7242494225502014 0.4180487096309662
7 0.9612 0.46280115842819214 0.2363564372062683 0.535290539264679 0.3770996928215027
1 0.9568 0.6045035719871521 0.330669105052948 0.6326689124107361 0.3809967637062073
2 0.9106 0.5567253232002258 0.4327892065048218 0.6753247976303101 0.647742748260498
3 0.8880 0.22088894248008728 0.33390408754348755 0.29102566838264465 0.45401501655578613
3 0.8802 0.7068691253662109 0.3318071961402893 0.7786322236061096 0.4547470808029175
2 0.8607 0.17592446506023407 0.0 0.30156567692756653 0.19793890416622162
4 0.8598 0.45674341917037964 0.37139442563056946 0.5931435823440552 0.6025832891464233
2 0.7888 0.12551069259643555 0.0 0.23938456177711487 0.19713617861270905
2 0.7753 0.5959236025810242 0.4034220278263092 0.7098152041435242 0.6088243126869202
4 0.6668 0.014835131354629993 0.0 0.18182487785816193 0.24115358293056488
4 0.5143 0.819270133972168 0.06327692419290543 0.9021055102348328 0.21491089463233948
3 0.4895 0.2423461377620697 0.5812190175056458 0.2887740433216095 0.6661652326583862
2 0.4600 0.011698519811034203 0.0 0.1837112456560135 0.23319248855113983
6 0.3924 0.06421937048435211 0.17428143322467804 0.12188085168600082 0.2880679666996002
6 0.3836 0.06022404506802559 0.17370770871639252 0.13161003589630127 0.33621662855148315
6 0.3612 0.2204039990901947 0.5428081750869751 0.28399842977523804 0.657500684261322
6 0.3355 0.061594199389219284 0.21963509917259216 0.12514784932136536 0.3460114300251007
4 0.3327 0.031578708440065384 0.14447398483753204 0.11062041670084 0.29655078053474426
6 0.3183 0.49552103877067566 0.45416608452796936 0.5408039689064026 0.5338976979255676
6 0.3046 0.4918515086174011 0.45470818877220154 0.542007565498352 0.5627744793891907
6 0.2926 0.15700693428516388 0.6483574509620667 0.22355660796165466 0.7676445841789246
4 0.2740 0.593700647354126 0.40115809440612793 0.7105523347854614 0.6090570688247681
6 0.2551 0.7668993473052979 0.6494715213775635 0.835597038269043 0.768416166305542
3 0.2510 0.7656630277633667 0.21552403271198273 0.8410311341285706 0.3456677794456482
6 0.2360 0.15798792243003845 0.21997778117656708 0.2266947329044342 0.3342108130455017
1 0.1841 0.5125047564506531 0.4237692058086395 0.5275739431381226 0.46340441703796387
7 0.1556 0.46434488892555237 0.2170114368200302 0.5346861481666565 0.3505139946937561
3 0.1492 0.4843284487724304 0.6863009929656982 0.5316848754882812 0.7774437665939331
6 0.1417 0.03643535450100899 0.20902396738529205 0.11071054637432098 0.3442349433898926
9 0.1283 0.7886846661567688 0.6775568127632141 0.8382999300956726 0.7778966426849365
9 0.1252 0.7656473517417908 0.2129950225353241 0.8417021036148071 0.3465280532836914
2 0.1022 0.5894667506217957 0.3327522277832031 0.7080649733543396 0.6056499481201172
