0 0.9541 0.5474573373794556 0.17505468428134918 0.6314931511878967 0.33352744579315186
1 0.9204 0.5815629959106445 0.3603786826133728 0.6097753643989563 0.41013413667678833
1 0.9118 0.6477994918823242 0.8061089515686035 0.6746079921722412 0.8546888828277588
7 0.9062 0.8352330923080444 0.3549971580505371 0.8626657724380493 0.40398871898651123
6 0.8196 0.3560088574886322 0.5860089063644409 0.4037269651889801 0.6831594109535217
6 0.7716 0.5309189558029175 0.6909142136573792 0.5994958877563477 0.849421501159668
4 0.5751 0.04620300605893135 0.01933673769235611 0.12743309140205383 0.18221643567085266
7 0.4664 0.8513872623443604 0.5246416926383972 0.8811352849006653 0.5720370411872864
1 0.3141 0.7362663745880127 0.8601527214050293 0.7457297444343567 0.8748434782028198
6 0.2100 0.3904968202114105 0.5362768173217773 0.42759817838668823 0.6033517122268677
4 0.1323 0.6206341981887817 0.5256257057189941 0.6364187598228455 0.5654196739196777
6 0.1243 0.7236673831939697 0.39101505279541016 0.7403718829154968 0.42682403326034546
