0 0.9767 0.3714960217475891 0.256416380405426 0.43707799911499023 0.4050852954387665
1 0.9553 0.7629436254501343 0.16659347712993622 0.7911621332168579 0.21599480509757996
1 0.9493 0.3761964738368988 0.6437884569168091 0.4043149948120117 0.6933524012565613
2 0.8481 0.10005569458007812 0.0 0.23079364001750946 0.2051505148410797
4 0.8172 0.4278427064418793 0.13626332581043243 0.5645940899848938 0.38868895173072815
3 0.8152 0.4645533561706543 0.22437074780464172 0.5355604887008667 0.3465377688407898
4 0.7827 0.4185996949672699 0.4770376682281494 0.5603696703910828 0.7347079515457153
2 0.7735 0.14204911887645721 0.0 0.2785274386405945 0.2134438455104828
4 0.7380 0.8560152649879456 0.09976223111152649 0.9302659630775452 0.22151149809360504
4 0.7333 0.8745365142822266 0.1253734976053238 0.9493560791015625 0.2539181709289551
5 0.6819 0.5361993312835693 0.45829519629478455 0.6050271391868591 0.6246206760406494
4 0.6255 0.7065860629081726 0.26911452412605286 0.8322116732597351 0.4890923500061035
4 0.5659 0.7430188655853271 0.33334431052207947 0.8100668787956238 0.450199156999588
6 0.5514 0.0598318949341774 0.22839605808258057 0.12486156076192856 0.34756192564964294
4 0.5336 0.5337435007095337 0.17958912253379822 0.671640932559967 0.3850477337837219
4 0.4522 0.730390727519989 0.32619187235832214 0.8007308840751648 0.44568192958831787
3 0.4155 0.46221113204956055 0.652658998966217 0.5348905920982361 0.7761439085006714
6 0.4068 0.8483906984329224 0.10435683280229568 0.9173291325569153 0.23832273483276367
6 0.2924 0.059610605239868164 0.1729842722415924 0.12122015655040741 0.2974545657634735
4 0.2713 0.027598034590482712 0.14411558210849762 0.10629596561193466 0.29816317558288574
1 0.2141 0.8775739669799805 0.12316182255744934 0.9168246984481812 0.21285413205623627
4 0.1832 0.455690860748291 0.36544063687324524 0.6363423466682434 0.6980053782463074
4 0.1637 0.5250266194343567 0.20016495883464813 0.676055908203125 0.4259089231491089
4 0.1541 0.47453945875167847 0.1950240284204483 0.5374615788459778 0.3068908751010895
4 0.1481 0.35350167751312256 0.19414550065994263 0.5035589337348938 0.5027937889099121
3 0.1409 0.2786862552165985 0.4345225989818573 0.35294240713119507 0.5598528981208801
6 0.1141 0.036133311688899994 0.20779317617416382 0.10739120095968246 0.34396761655807495
4 0.1119 0.4524458050727844 0.20242895185947418 0.5150213241577148 0.29224729537963867
