8 0.9665 0.2116309106349945 0.6822024583816528 0.30443650484085083 0.8363796472549438
0 0.9488 0.22020287811756134 0.13733676075935364 0.28645414113998413 0.2857641875743866
8 0.9365 0.9220561981201172 0.6591244339942932 1.0 0.8163992762565613
1 0.9300 0.42424553632736206 0.8662704229354858 0.45057764649391174 0.9147286415100098
1 0.9083 0.2568088173866272 0.553813099861145 0.2850910723209381 0.6040430068969727
4 0.8651 0.19898751378059387 0.3725038170814514 0.2675856053829193 0.4978271424770355
4 0.8086 0.12331487983465195 0.25187090039253235 0.1940355747938156 0.3804172873497009
4 0.5433 0.4568300247192383 0.43951788544654846 0.47929030656814575 0.4824996888637543
4 0.3559 0.3692963719367981 0.5820276141166687 0.396024227142334 0.6293003559112549
4 0.3263 0.8687160611152649 0.19154895842075348 0.8963603973388672 0.24729333817958832
6 0.2430 0.20910587906837463 0.47013628482818604 0.25675439834594727 0.5542686581611633
4 0.2408 0.4582434594631195 0.4413788318634033 0.4758034646511078 0.4794463515281677
4 0.1587 0.5339984893798828 0.3461216688156128 0.5593620538711548 0.39196550846099854
4 0.1492 0.8710862994194031 0.20090217888355255 0.8918880224227905 0.24005647003650665
