0 0.9710 0.45161932706832886 0.29794928431510925 0.5337826013565063 0.4628840684890747
9 0.9691 0.2178453505039215 0.5374333262443542 0.2925519347190857 0.6699720621109009
4 0.9643 0.4985574781894684 0.37825411558151245 0.5735729336738586 0.511502206325531
4 0.9617 0.5580217838287354 0.512846052646637 0.6320969462394714 0.6397264003753662
4 0.9582 0.5706260204315186 0.4211931526660919 0.6450886130332947 0.5519549250602722
4 0.9574 0.5151943564414978 0.567535936832428 0.5900725722312927 0.7024593949317932
3 0.9219 0.7043564915657043 0.3286675810813904 0.7805200219154358 0.45740047097206116
4 0.8708 0.8760347366333008 0.0782303735613823 0.9373666644096375 0.19267168641090393
4 0.8333 0.015519117936491966 0.0 0.18525728583335876 0.2574082612991333
4 0.7704 0.44515618681907654 0.46629706025123596 0.6052144169807434 0.7581936120986938
3 0.7462 0.15712544322013855 0.6463361382484436 0.23398278653621674 0.7799713015556335
4 0.7204 0.47578269243240356 0.42912495136260986 0.6478135585784912 0.7222344279289246
3 0.7156 0.7668532133102417 0.21859346330165863 0.8406283259391785 0.3443441390991211
3 0.6658 0.09309075027704239 0.7552652955055237 0.1724078506231308 0.8898501992225647
9 0.2915 0.0156616922467947 0.43419817090034485 0.0898618996143341 0.5691506266593933
3 0.2488 0.7172377109527588 0.32140377163887024 0.7803869843482971 0.44043177366256714
4 0.2385 0.03159415349364281 0.15785060822963715 0.10639677196741104 0.29134950041770935
4 0.1708 0.03911545127630234 0.21309751272201538 0.10480629652738571 0.3389694094657898
2 0.1700 0.09199114888906479 0.0 0.25965291261672974 0.24931597709655762
4 0.1620 0.8459333181381226 0.06636469066143036 0.9184148907661438 0.20158126950263977
4 0.1601 0.09560104459524155 0.0 0.2721402049064636 0.257828950881958
6 0.1239 0.010177326388657093 0.5091714262962341 0.09787380695343018 0.6872655749320984
6 0.1180 0.013654911890625954 0.4342113137245178 0.08871367573738098 0.5688684582710266
4 0.1032 0.07358887791633606 0.04222812503576279 0.1658989042043686 0.21993599832057953
