8 0.9644 0.7925215363502502 0.4444788694381714 0.8809747099876404 0.6048403382301331
0 0.9621 0.39521628618240356 0.013756582513451576 0.4618840217590332 0.16211026906967163
6 0.3896 0.5862615704536438 0.42897897958755493 0.6098341345787048 0.4729151427745819
9 0.3531 0.6480333209037781 0.21379521489143372 0.6691871881484985 0.25535711646080017
9 0.2133 0.22174958884716034 0.3208056092262268 0.24232439696788788 0.35522598028182983
4 0.1797 0.8778411746025085 0.14228326082229614 0.9082320928573608 0.19072507321834564
4 0.1573 0.9769203066825867 0.16683807969093323 0.9998382329940796 0.23905140161514282
6 0.1327 0.5432835221290588 0.6620311737060547 0.6113282442092896 0.7851581573486328
6 0.1283 0.8018562197685242 0.2596031427383423 0.8199809789657593 0.2998519241809845
6 0.1271 0.6713533401489258 0.19971497356891632 0.7090944051742554 0.2671387791633606
9 0.1185 0.6569691896438599 0.0054107350297272205 0.7064672112464905 0.04102474823594093
6 0.1035 0.6480578184127808 0.21309737861156464 0.6698653101921082 0.2505607306957245
