0 0.9555 0.45274409651756287 0.07509614527225494 0.5179694890975952 0.2232050597667694
1 0.9486 0.46643438935279846 0.2729426622390747 0.49812421202659607 0.3298044204711914
8 0.9480 0.821587860584259 0.6710845828056335 0.9120820164680481 0.8294519782066345
4 0.8888 0.18275848031044006 0.15411822497844696 0.2497195303440094 0.2726837694644928
4 0.8793 0.20749039947986603 0.06751208752393723 0.27321478724479675 0.18407122790813446
1 0.8684 0.46409881114959717 0.7466145753860474 0.4950494170188904 0.8029703497886658
6 0.4505 0.5862886905670166 0.42851877212524414 0.6100892424583435 0.4755125343799591
9 0.3483 0.6478212475776672 0.2141028493642807 0.6691099405288696 0.25768619775772095
7 0.2282 0.14996570348739624 0.4354493021965027 0.17633602023124695 0.4782811999320984
6 0.2067 0.5448353290557861 0.6593267917633057 0.6128378510475159 0.7848954796791077
6 0.1982 0.8015474081039429 0.25951242446899414 0.8199893832206726 0.30012279748916626
4 0.1757 0.19705787301063538 0.5743213891983032 0.21529917418956757 0.6085546612739563
4 0.1485 0.11766643822193146 0.0 0.17596955597400665 0.10215070843696594
4 0.1358 0.9772112369537354 0.16746048629283905 0.9998490810394287 0.23989269137382507
6 0.1138 0.582339346408844 0.42833343148231506 0.6137437224388123 0.4953594207763672
