0 0.9768 0.6655732989311218 0.3317500352859497 0.7311628460884094 0.4789624810218811
1 0.9555 0.5995916724205017 0.35957980155944824 0.6311599612236023 0.4150516092777252
3 0.9472 0.09777580201625824 0.11702221632003784 0.1713332235813141 0.24186725914478302
3 0.9457 0.8270102143287659 0.7683983445167542 0.9020147919654846 0.8924692869186401
5 0.9235 0.45546358823776245 0.27857378125190735 0.5242958068847656 0.4092564880847931
5 0.9185 0.5067110657691956 0.05653650313615799 0.5798167586326599 0.19528566300868988
2 0.9184 0.09857411682605743 0.0 0.22137942910194397 0.20144563913345337
5 0.8494 0.15642137825489044 0.43717634677886963 0.22830349206924438 0.5699521899223328
6 0.7097 0.06542865931987762 0.17699643969535828 0.12313060462474823 0.29659175872802734
4 0.6770 0.7890743613243103 0.6712384223937988 0.882870078086853 0.8515664339065552
6 0.5465 0.8340548276901245 0.09824120998382568 0.9086489081382751 0.24315214157104492
1 0.4863 0.5263628959655762 0.3112393617630005 0.5438158512115479 0.3436046242713928
6 0.4747 0.06025993824005127 0.18963195383548737 0.1298809051513672 0.3327263593673706
4 0.4597 0.7500883340835571 0.5193252563476562 0.8810364007949829 0.7752779126167297
4 0.4416 0.8269060254096985 0.09711943566799164 0.8982118368148804 0.2273462563753128
4 0.2693 0.035302937030792236 0.14937032759189606 0.10579907149076462 0.2888261675834656
1 0.2575 0.4931887984275818 0.24037079513072968 0.5250933170318604 0.2904845178127289
6 0.1962 0.059332430362701416 0.23659104108810425 0.11624118685722351 0.3431010842323303
4 0.1446 0.03261467069387436 0.20455266535282135 0.10675208270549774 0.3439086973667145
6 0.1212 0.827032208442688 0.09464236348867416 0.8953416347503662 0.2251083105802536
6 0.1061 0.030646800994873047 0.22718726098537445 0.10534214973449707 0.3487803041934967
