0 0.9792 0.32237866520881653 0.5417956709861755 0.3872847557067871 0.6895930171012878
4 0.8567 0.43253985047340393 0.45716145634651184 0.5729312896728516 0.7009121179580688
4 0.8424 0.1335051953792572 0.4741055965423584 0.30862826108932495 0.7964666485786438
4 0.8381 0.16312798857688904 0.15009893476963043 0.33093729615211487 0.42251935601234436
3 0.8098 0.461129754781723 0.5446749329566956 0.5360170602798462 0.6723646521568298
4 0.7623 0.6714792847633362 0.5609087944030762 0.8411924839019775 0.8626673817634583
4 0.7011 0.18518652021884918 0.34137487411499023 0.32813122868537903 0.6432974934577942
4 0.6858 0.11886732280254364 0.25521814823150635 0.27920448780059814 0.5347654819488525
6 0.6820 0.7789220213890076 0.7589980959892273 0.8290151953697205 0.8415396809577942
6 0.6651 0.83771151304245 0.7597178220748901 0.8893636465072632 0.8426967859268188
6 0.6146 0.8375023007392883 0.6496978998184204 0.8885974884033203 0.7342318892478943
3 0.5000 0.40268224477767944 0.7460049390792847 0.47620341181755066 0.8894565105438232
4 0.4890 0.09825439751148224 0.0 0.2503272294998169 0.21997150778770447
4 0.4672 0.036534033715724945 0.16651971638202667 0.10267427563667297 0.28696873784065247
6 0.4397 0.0930338203907013 0.14886122941970825 0.163091242313385 0.297366738319397
6 0.3357 0.09491685032844543 0.11429136246442795 0.1682308465242386 0.2742643356323242
4 0.3290 0.046273574233055115 0.20525237917900085 0.10347162932157516 0.3334640562534332
6 0.2866 0.10252874344587326 0.11088217049837112 0.16142505407333374 0.2545667290687561
3 0.2850 0.402776837348938 0.46396365761756897 0.4600547254085541 0.5590745806694031
6 0.2833 0.08937538415193558 0.1963757872581482 0.15930873155593872 0.2980283200740814
4 0.2685 0.2107888162136078 0.6438202857971191 0.3482615053653717 0.9134902358055115
3 0.2409 0.4617842733860016 0.28091782331466675 0.5265652537345886 0.4028046727180481
3 0.2355 0.4633804261684418 0.3296838402748108 0.5336164236068726 0.45452481508255005
3 0.2296 0.1602768450975418 0.3674136698246002 0.21986493468284607 0.4683879315853119
4 0.2233 0.13162259757518768 0.20259787142276764 0.3184674084186554 0.4618549048900604
4 0.1861 0.4840676188468933 0.05877876281738281 0.6870660185813904 0.3899812400341034
6 0.1356 0.5207824110984802 0.09005777537822723 0.5906811356544495 0.2534775137901306
4 0.1240 0.6888963580131531 0.47491613030433655 0.8909845352172852 0.813004195690155
6 0.1117 0.08698864281177521 0.2080744057893753 0.16422395408153534 0.35495808720588684
6 0.1092 0.8217306733131409 0.650575578212738 0.8923035860061646 0.8249654173851013
4 0.1041 0.026410898193717003 0.20231322944164276 0.10594584047794342 0.3413262963294983
0 0.1004 0.5378664135932922 0.134221613407135 0.6170171499252319 0.26843762397766113
