0 0.9728 0.30138808488845825 0.01644015870988369 0.3668106198310852 0.16356459259986877
8 0.9723 0.8257091641426086 0.4739517271518707 0.9194682836532593 0.6299299597740173
4 0.9274 0.2771410048007965 0.2319602072238922 0.3504442274570465 0.3625905215740204
4 0.9106 0.44128045439720154 0.13579685986042023 0.5814152956008911 0.36000698804855347
1 0.8762 0.26104500889778137 0.283149391412735 0.29331672191619873 0.33945605158805847
2 0.8697 0.10342051833868027 0.0 0.22462202608585358 0.1986365169286728
3 0.8647 0.22521738708019257 0.3407124876976013 0.2903939485549927 0.45247235894203186
3 0.8559 0.5853251218795776 0.44147950410842896 0.6566298007965088 0.5619356036186218
3 0.8461 0.6482201814651489 0.22486114501953125 0.7177736759185791 0.34431204199790955
4 0.8369 0.14696355164051056 0.03593735024333 0.21521572768688202 0.15603378415107727
4 0.7236 0.23810438811779022 0.12547726929187775 0.38085564970970154 0.37791112065315247
4 0.6119 0.6619920134544373 0.5081347823143005 0.7938215732574463 0.7073625326156616
3 0.5860 0.30264559388160706 0.6908747553825378 0.3493592143058777 0.7747231125831604
4 0.5610 0.40975743532180786 0.4994477927684784 0.5082982778549194 0.6883695721626282
3 0.5386 0.7293968200683594 0.36600908637046814 0.7767925262451172 0.4507395327091217
6 0.4393 0.060820113867521286 0.17653371393680573 0.12597987055778503 0.29575467109680176
4 0.4374 0.6378225088119507 0.20044466853141785 0.6838213205337524 0.2835357189178467
3 0.4361 0.24349121749401093 0.5849270224571228 0.28902962803840637 0.66684889793396
4 0.4180 0.5762857794761658 0.41546177864074707 0.6278077363967896 0.5049650073051453
6 0.4118 0.837915301322937 0.06765177100896835 0.9100571870803833 0.21787188947200775
4 0.3764 0.4094049334526062 0.22738362848758698 0.5275771021842957 0.45134350657463074
3 0.3272 0.3627793490886688 0.47298330068588257 0.4108191728591919 0.5604490637779236
3 0.2956 0.6041304469108582 0.4084286093711853 0.6523061394691467 0.5038532018661499
6 0.2875 0.21469023823738098 0.31277844309806824 0.25874778628349304 0.3943246603012085
4 0.2782 0.03509620577096939 0.1497717946767807 0.10497524589300156 0.2943284809589386
4 0.2475 0.4134312570095062 0.5423220992088318 0.5276286005973816 0.7437664270401001
3 0.2135 0.6651905179023743 0.19175906479358673 0.7118526697158813 0.27706605195999146
4 0.2128 0.10309334099292755 0.0 0.2238432914018631 0.1998804211616516
4 0.1814 0.6408273577690125 0.20563417673110962 0.6967479586601257 0.28689706325531006
6 0.1720 0.05848515033721924 0.25389719009399414 0.11635224521160126 0.3446195721626282
4 0.1566 0.21217933297157288 0.31085413694381714 0.25934872031211853 0.3954561650753021
3 0.1478 0.6470375657081604 0.6656040549278259 0.7111461162567139 0.7725273966789246
3 0.1464 0.7310003638267517 0.5865113735198975 0.776310920715332 0.6692137122154236
6 0.1257 0.15731601417064667 0.4372004270553589 0.22493228316307068 0.5504584312438965
3 0.1125 0.6683965921401978 0.6882795691490173 0.714830219745636 0.7785800695419312
3 0.1102 0.18052497506141663 0.4739997982978821 0.227878138422966 0.5578020811080933
4 0.1083 0.19872881472110748 0.27182039618492126 0.3111730217933655 0.48103219270706177
6 0.1053 0.0380258783698082 0.21155810356140137 0.10576500743627548 0.34488430619239807
