4 0.8900 0.5051900148391724 0.7371698617935181 0.6132634282112122 0.9275938868522644
0 0.8308 0.5855792164802551 0.71809983253479 0.6572138667106628 0.8623679280281067
4 0.7326 0.43476182222366333 0.5095847845077515 0.4988629221916199 0.6117600202560425
4 0.6788 0.4574492871761322 0.752065896987915 0.5247902274131775 0.871028482913971
4 0.6580 0.4875195622444153 0.6545875668525696 0.5482538938522339 0.7621827125549316
4 0.6457 0.04191455990076065 0.43942320346832275 0.06198420375585556 0.4801732897758484
4 0.6031 0.881076991558075 0.3321661353111267 0.901899516582489 0.37494632601737976
9 0.5915 0.2260286808013916 0.4346065819263458 0.25505584478378296 0.48551449179649353
4 0.4196 0.11838696897029877 0.3457377552986145 0.14565061032772064 0.3965620696544647
4 0.2488 0.8648555874824524 0.19231435656547546 0.8994314074516296 0.254048615694046
5 0.1168 0.9835172891616821 0.11934616416692734 0.999977707862854 0.1661428064107895
