0 0.9722 0.3177556097507477 0.2687464952468872 0.4005434811115265 0.4331571161746979
4 0.9643 0.7311815023422241 0.5232118368148804 0.8044721484184265 0.653749942779541
4 0.9602 0.5991029143333435 0.33847156167030334 0.6730387806892395 0.4696950316429138
4 0.9575 0.4845162332057953 0.3969465494155884 0.559540331363678 0.5309144258499146
4 0.9308 0.1961817890405655 0.2832276225090027 0.3315628170967102 0.5277379155158997
4 0.9232 0.14007505774497986 0.16869667172431946 0.2645755708217621 0.3955121338367462
3 0.9073 0.7650839686393738 0.21426807343959808 0.840550422668457 0.3475063741207123
4 0.8542 0.2414463460445404 0.1382199227809906 0.3741232454776764 0.39639145135879517
4 0.8407 0.5654571652412415 0.42028456926345825 0.6437932848930359 0.5641705989837646
4 0.8293 0.02348029613494873 0.005561595316976309 0.17162974178791046 0.2351071983575821
1 0.8201 0.3147369623184204 0.3143109381198883 0.33613505959510803 0.3525766432285309
4 0.8150 0.10188625007867813 0.0 0.23646870255470276 0.2100543975830078
1 0.8121 0.26500219106674194 0.27678459882736206 0.2858872413635254 0.3165917992591858
3 0.8097 0.6463978886604309 0.655647337436676 0.718273937702179 0.7784923911094666
4 0.7541 0.023315787315368652 0.01550148893147707 0.13033482432365417 0.2101723551750183
1 0.7440 0.2657898962497711 0.2789337635040283 0.29550743103027344 0.3351898789405823
3 0.6996 0.2412390112876892 0.46999719738960266 0.28978878259658813 0.5621433258056641
3 0.6412 0.46059513092041016 0.4371531903743744 0.5359681844711304 0.5632874369621277
3 0.5807 0.7657769918441772 0.6494970321655273 0.8414138555526733 0.7796117067337036
3 0.5303 0.3615815341472626 0.4676806926727295 0.423991322517395 0.5655499696731567
3 0.4458 0.1777816116809845 0.6839121580123901 0.22805047035217285 0.7774451375007629
4 0.4221 0.038257576525211334 0.17008112370967865 0.10056792944669724 0.28233078122138977
4 0.3489 0.7923958897590637 0.17162035405635834 0.8470460772514343 0.2732413411140442
3 0.3425 0.22148507833480835 0.47204479575157166 0.2748522162437439 0.5582880973815918
3 0.3109 0.27815213799476624 0.659451425075531 0.35155826807022095 0.7782278656959534
3 0.2216 0.6481563448905945 0.24207712709903717 0.7161620855331421 0.3462047278881073
4 0.2215 0.6628695130348206 0.28454411029815674 0.795231819152832 0.5810105800628662
3 0.2121 0.6465200781822205 0.6251387000083923 0.7109861969947815 0.7458090782165527
4 0.2086 0.31665313243865967 0.6837702393531799 0.48261553049087524 0.9383109211921692
4 0.1966 0.2586764395236969 0.14233097434043884 0.4055962562561035 0.42506909370422363
4 0.1887 0.07047389447689056 0.05604387819766998 0.14763681590557098 0.19668254256248474
4 0.1609 0.051048342138528824 0.22350214421749115 0.099838487803936 0.3033449649810791
4 0.1495 0.09641913324594498 0.0 0.1994675099849701 0.2172752320766449
3 0.1361 0.3411422073841095 0.4269976019859314 0.4120064377784729 0.5539226531982422
3 0.1155 0.6478158235549927 0.20870493352413177 0.7129107117652893 0.32536780834198
5 0.1153 0.06289686262607574 0.22557368874549866 0.11352439224720001 0.34407156705856323
4 0.1081 0.6561836004257202 0.2780267894268036 0.7916460633277893 0.498465359210968
