0 0.9795 0.3292451798915863 0.48336273431777954 0.3945634961128235 0.6325260996818542
3 0.9671 0.46235162019729614 0.4419088661670685 0.5365293622016907 0.5655498504638672
3 0.9120 0.1584128439426422 0.33093053102493286 0.2317947894334793 0.4546221196651459
4 0.7972 0.8255022168159485 0.13177773356437683 0.8898885846138 0.24543289840221405
7 0.5089 0.7799188494682312 0.6485596299171448 0.8279083371162415 0.7346584796905518
4 0.4901 0.09231064468622208 0.0 0.2511046826839447 0.2207915484905243
3 0.2868 0.8257875442504883 0.7606381177902222 0.9020749926567078 0.9005486369132996
7 0.2195 0.1700243353843689 0.2214830219745636 0.21986831724643707 0.30230340361595154
3 0.2124 0.7652750015258789 0.7578957676887512 0.8410183191299438 0.8901850581169128
4 0.1664 0.04906506463885307 0.21717333793640137 0.10405778884887695 0.328536719083786
6 0.1634 0.8406854867935181 0.09801849722862244 0.916364312171936 0.22500979900360107
4 0.1159 0.8387811779975891 0.09676605463027954 0.9161628484725952 0.2270219624042511
