8 0.9656 0.8224221467971802 0.6934577226638794 0.9168099761009216 0.8391218185424805
8 0.9633 0.07328331470489502 0.7018383741378784 0.16679853200912476 0.8523384928703308
0 0.9555 0.34627294540405273 0.5607926845550537 0.4110777974128723 0.7044605016708374
1 0.9341 0.36749979853630066 0.4579353630542755 0.3955443203449249 0.5079589486122131
4 0.9194 0.26474541425704956 0.3287409543991089 0.3365384042263031 0.45405054092407227
4 0.8961 0.45362478494644165 0.32207202911376953 0.5240771770477295 0.4481399655342102
4 0.8835 0.31868812441825867 0.21182212233543396 0.38542985916137695 0.33046162128448486
4 0.8650 0.14150743186473846 0.24896924197673798 0.20979905128479004 0.37397557497024536
4 0.8607 0.5989086031913757 0.2164405882358551 0.6667339205741882 0.33995911478996277
4 0.8297 0.320380300283432 0.27969518303871155 0.4226650297641754 0.4534648358821869
4 0.8174 0.11430108547210693 0.1434047669172287 0.17474807798862457 0.24951177835464478
4 0.7713 0.5197106599807739 0.2551600933074951 0.5842368006706238 0.368612676858902
4 0.3181 0.8688560724258423 0.19162993133068085 0.8963028192520142 0.24725143611431122
6 0.3002 0.2802600562572479 0.43035489320755005 0.3226616680622101 0.5135244727134705
6 0.2589 0.15399150550365448 0.34686338901519775 0.20404069125652313 0.4423243999481201
9 0.1508 0.6406069397926331 0.43507978320121765 0.6695727109909058 0.4857437014579773
4 0.1373 0.8711740374565125 0.20098525285720825 0.8918649554252625 0.24027636647224426
