0 0.9767 0.5373180508613586 0.6481847167015076 0.6018705368041992 0.7948116660118103
8 0.9712 0.3631962537765503 0.0038042704109102488 0.4550376236438751 0.16267703473567963
3 0.9105 0.2810719907283783 0.22316861152648926 0.3528214693069458 0.34395354986190796
3 0.8962 0.220371276140213 0.33393216133117676 0.29103362560272217 0.4537161886692047
2 0.8868 0.099582239985466 0.0 0.2241174280643463 0.20026461780071259
3 0.8868 0.6472689509391785 0.22389788925647736 0.7177965641021729 0.344955176115036
4 0.8023 0.142562136054039 0.031537480652332306 0.21781186759471893 0.16175685822963715
3 0.7953 0.5861368775367737 0.44274699687957764 0.6555368900299072 0.5607512593269348
4 0.6374 0.6646314859390259 0.5065084099769592 0.8111085891723633 0.7038120031356812
3 0.5968 0.30405986309051514 0.6920952796936035 0.34931322932243347 0.7748212814331055
4 0.5845 0.6930673122406006 0.5404492616653442 0.8127478361129761 0.7308499813079834
6 0.5646 0.06197214126586914 0.18245375156402588 0.122019462287426 0.30432814359664917
0 0.5133 0.8265053033828735 0.03847838565707207 0.9187450408935547 0.2159031331539154
6 0.4116 0.06091451644897461 0.20084919035434723 0.1251305192708969 0.32972875237464905
3 0.4013 0.3627850115299225 0.4735211730003357 0.40967226028442383 0.5590676665306091
4 0.3784 0.636890172958374 0.20038482546806335 0.6902881860733032 0.2918798625469208
6 0.3493 0.8309370279312134 0.08407194167375565 0.912013828754425 0.21713659167289734
3 0.3168 0.7316339612007141 0.3645709455013275 0.7768608331680298 0.4498538672924042
3 0.3047 0.24283799529075623 0.584169864654541 0.2890039384365082 0.6671580076217651
4 0.2895 0.5760224461555481 0.4140937030315399 0.6313089728355408 0.5074362754821777
3 0.2754 0.29020196199417114 0.19300338625907898 0.34644776582717896 0.2916562557220459
4 0.2669 0.03504304960370064 0.14770227670669556 0.10497041046619415 0.2938680052757263
6 0.2143 0.15757116675376892 0.43535473942756653 0.22571411728858948 0.5495992302894592
4 0.1595 0.26941484212875366 0.20595155656337738 0.3351479768753052 0.3012411296367645
6 0.1409 0.06093057245016098 0.25598111748695374 0.11221925914287567 0.3425781726837158
6 0.1289 0.036430276930332184 0.20251812040805817 0.10655166208744049 0.3443725109100342
9 0.1132 0.778191864490509 0.42730703949928284 0.8359522223472595 0.5226268768310547
3 0.1007 0.6685284972190857 0.6897391676902771 0.7145456671714783 0.7772384881973267
6 0.1007 0.8265531659126282 0.04160359129309654 0.9163534045219421 0.19206708669662476
