0 0.9623 0.32184869050979614 0.2910107970237732 0.404005229473114 0.46160972118377686
1 0.9538 0.7406930327415466 0.25628161430358887 0.7690781950950623 0.3057945966720581
1 0.9455 0.45231789350509644 0.31645888090133667 0.4804452061653137 0.36660638451576233
2 0.9434 0.26889172196388245 0.3034995198249817 0.3833758234977722 0.5031136274337769
6 0.9413 0.09856222569942474 0.5032113790512085 0.1730397492647171 0.6376438736915588
6 0.7467 0.08740115165710449 0.7557777762413025 0.16241934895515442 0.9009668231010437
6 0.7408 0.10623696446418762 0.7521050572395325 0.1604391485452652 0.8390021324157715
4 0.7313 0.01398531161248684 0.0 0.18558038771152496 0.23968002200126648
6 0.7209 0.8426969647407532 0.10019397735595703 0.9089819192886353 0.21608655154705048
4 0.6654 0.4467476010322571 0.18437114357948303 0.5452308654785156 0.45441171526908875
6 0.5763 0.33626124262809753 0.5499981641769409 0.38819000124931335 0.6400638222694397
2 0.5121 0.10244844108819962 0.0 0.23306670784950256 0.20183992385864258
6 0.4878 0.061548829078674316 0.23140080273151398 0.11762082576751709 0.3446803689002991
4 0.4628 0.03206642344594002 0.14520573616027832 0.10875774919986725 0.29474520683288574
2 0.3603 0.14635516703128815 0.0 0.28154659271240234 0.20653165876865387
4 0.3191 0.14794102311134338 0.0 0.2786957323551178 0.21399205923080444
6 0.3157 0.06101427227258682 0.16615796089172363 0.12406735122203827 0.30273428559303284
6 0.2785 0.3381880521774292 0.5498123168945312 0.39335790276527405 0.620394229888916
2 0.2715 0.010291988030076027 0.0 0.20858226716518402 0.22851839661598206
2 0.1773 0.08719969540834427 0.0 0.2658483386039734 0.19999082386493683
4 0.1475 0.44397610425949097 0.184150829911232 0.589853823184967 0.43596988916397095
4 0.1465 0.03151076287031174 0.19964399933815002 0.10863886028528214 0.3445250391960144
4 0.1396 0.8242141604423523 0.0963362604379654 0.9005759954452515 0.22177398204803467
0 0.1046 0.024055147543549538 0.39763912558555603 0.11036132276058197 0.5774856805801392
