0 0.9796 0.6172029376029968 0.0354451909661293 0.7001950740814209 0.19945526123046875
4 0.9609 0.5727688670158386 0.3672429919242859 0.6461676359176636 0.49479755759239197
1 0.9572 0.7298235297203064 0.8194068074226379 0.7584314942359924 0.873321533203125
1 0.9554 0.6579153537750244 0.38966721296310425 0.6851915717124939 0.4382202625274658
4 0.9340 0.5490450263023376 0.4668503701686859 0.6206814646720886 0.5948597192764282
3 0.9173 0.15511326491832733 0.10247531533241272 0.23228855431079865 0.23969902098178864
6 0.9008 0.7154501080513 0.5106184482574463 0.7776737213134766 0.6319127082824707
4 0.8597 0.018047714605927467 0.0 0.17563728988170624 0.25021225214004517
3 0.8540 0.4011279046535492 0.33460456132888794 0.46628159284591675 0.4535364806652069
3 0.7201 0.46264487504959106 0.22612376511096954 0.5311163663864136 0.3460965156555176
3 0.7076 0.33925214409828186 0.4448198080062866 0.4085049331188202 0.56268310546875
3 0.6987 0.7687647342681885 0.7609100341796875 0.8393979668617249 0.8865671753883362
3 0.6921 0.4587678909301758 0.3428488075733185 0.5284711718559265 0.46754032373428345
3 0.6685 0.39730098843574524 0.547538161277771 0.4646044671535492 0.6656146049499512
3 0.6238 0.4277048110961914 0.5677787065505981 0.49001216888427734 0.679137647151947
9 0.6213 0.1607964038848877 0.7575376629829407 0.23134155571460724 0.8780558109283447
9 0.6026 0.8341789245605469 0.6538791060447693 0.899371325969696 0.7635248899459839
3 0.5663 0.41755780577659607 0.5341941714286804 0.48281145095825195 0.6434200406074524
3 0.5520 0.5229806900024414 0.5753359198570251 0.5877140164375305 0.6853573322296143
3 0.5305 0.5231937170028687 0.4449416399002075 0.5919132232666016 0.5645073652267456
2 0.5209 0.09667129814624786 0.0 0.24569746851921082 0.23089611530303955
3 0.5155 0.40232688188552856 0.5542662143707275 0.490140438079834 0.6791515946388245
3 0.4280 0.8283182382583618 0.6724457740783691 0.8862398266792297 0.7784770727157593
3 0.4037 0.0834689512848854 0.20804299414157867 0.1726769506931305 0.3617071509361267
6 0.4013 0.8441330194473267 0.0913691446185112 0.9072993993759155 0.19079959392547607
2 0.3345 0.15578536689281464 0.0 0.30577877163887024 0.23083776235580444
4 0.2835 0.03294479846954346 0.15949007868766785 0.10555560141801834 0.28998932242393494
6 0.2360 0.7114936709403992 0.45314449071884155 0.7766565084457397 0.6028717160224915
3 0.2328 0.10131354629993439 0.6853424310684204 0.16885241866111755 0.7870395183563232
4 0.2213 0.0237077958881855 0.09204491227865219 0.21237674355506897 0.41848132014274597
9 0.1993 0.40185776352882385 0.32915031909942627 0.47049179673194885 0.4530939757823944
3 0.1937 0.0915335863828659 0.1861712485551834 0.17245155572891235 0.31574440002441406
3 0.1817 0.4647883474826813 0.6864543557167053 0.5252877473831177 0.7766368985176086
4 0.1768 0.04203831031918526 0.21416312456130981 0.10461948066949844 0.3357061743736267
4 0.1696 0.05195065587759018 0.15749922394752502 0.1201094463467598 0.29769033193588257
4 0.1675 0.1578851044178009 0.0 0.3057180941104889 0.22888289391994476
3 0.1660 0.34837284684181213 0.4284842014312744 0.40912309288978577 0.5301373600959778
9 0.1174 0.8285545110702515 0.6739083528518677 0.8903263211250305 0.7792801260948181
4 0.1104 0.0642990916967392 0.049893252551555634 0.15758606791496277 0.21449732780456543
3 0.1004 0.5329426527023315 0.5364155173301697 0.5997617840766907 0.6750509738922119
