2 0.6422812971342383 0.4887075718015666 0.0682315233785822 0.1095757180156658
2 0.7006410256410256 0.39046997389033944 0.06643665158371041 0.11079634464751958
2 0.7006410256410256 0.5930026109660574 0.06428355957767722 0.10742819843342037
2 0.758815987933635 0.6946605744125327 0.06643665158371041 0.1055939947780679
2 0.9358597285067873 0.6945039164490862 0.065 0.10714751958224543
2 0.935682503770739 0.2860182767624021 0.062484917043740575 0.11077023498694516
2 0.759445701357466 0.2850848563968668 0.06015082956259427 0.10890339425587467
2 0.9721342383107089 0.6034073107049608 0.01903469079939668 0.0862402088772846
2 0.9727601809954752 0.39156005221932116 0.01921191553544495 0.07753263707571802
0 0.4704449472096531 0.6438250652741515 0.02621417797888386 0.04682114882506528
3 0.46451734539969836 0.3572127937336815 0.06392156862745098 0.13751958224543082