3 0.49832214765100674 0.2915734526472782 0.06711409395973156 0.07606263982102907
3 0.5595637583892618 0.4019388516032811 0.06375838926174503 0.0760626398210291
3 0.6224832214765101 0.5078299776286354 0.057046979865771806 0.07009694258016409
1 0.6493288528746742 0.5048471290082028 0.028523489932885865 0.046234153616703966
1 0.751258389261745 0.5548098434004474 0.032718120805369184 0.05965697240865026
3 0.5008389323602249 0.7248321999777777 0.0687919463087249 0.0835197613721104
3 0.5612416107382551 0.6167039522744221 0.0654362416107383 0.07904548844146156
3 0.43917785234899326 0.6174496644295302 0.06459731543624166 0.074571215510813
3 0.37458053227345545 0.5093214315134977 0.0679530201342282 0.08501118568232663
3 0.43791946308724833 0.401193139448173 0.0704697986577181 0.07755406413124533
