0 0.3078859060402685 0.5503355704697986 0.0704697986577181 0.1431767337807606
9 0.2537751677852349 0.8083519761372111 0.0679530201342282 0.11633109619686806
9 0.7403523644576095 0.8090976735049961 0.05788590604026852 0.10887397464578669
9 0.8615771812080536 0.5950782997762863 0.06711409395973149 0.10738255033557059
9 0.13338926174496643 0.5965697240865027 0.06543624161073826 0.11931394481730052
4 0.3271812173322838 0.30648769574944074 0.04865771812080542 0.0492170022371365
4 0.36325503355704697 0.22818791946308728 0.04865771812080538 0.05667412378821776
4 0.4286912751677852 0.18344519015659955 0.0436241610738255 0.0477255779269202
4 0.4781879194630873 0.058911260253542125 0.04865771812080538 0.05219985085756898
4 0.2600671140939597 0.226696495152871 0.045302013422818775 0.04772557792692023
4 0.2588087248322148 0.1342281879194631 0.04446308724832221 0.0447427293064877
4 0.2336409349580192 0.05070842654735272 0.04278523489932883 0.0447427293064877
4 0.2860738255033557 0.03504847129008203 0.04865771812080538 0.04623415361670395
