0 0.5226032735775525 0.3581882740105655 0.07248636009353071 0.148263618255824
3 0.5604053000779423 0.49467394128345027 0.05923616523772395 0.10530873820039843
3 0.19719407638347625 0.4905170174071188 0.0607950116913484 0.11639386853728247
3 0.13561964146531566 0.4912098380531739 0.06391270459859703 0.11777950982939295
3 0.07482462977396726 0.6089893478825669 0.06703039750584569 0.10669437949250896
4 0.12509742790335152 0.658872434398545 0.03819173811379578 0.04018359747120471
4 0.3484021823850351 0.41915649086342777 0.04988308651597812 0.042954880055425665
3 0.2579890880748246 0.3928293063133282 0.06858924395947 0.1011518143240668
4 0.4201091192517537 0.46280419156490865 0.03897116134060795 0.047111803931757235
4 0.34762275915822294 0.3152333939551399 0.046765393608729514 0.04849744522386768
4 0.4575214341387373 0.27158569325365894 0.0592361652377241 0.049883086515978156
