0 0.31293842556508183 0.3886723824369965 0.05845674201091208 0.15103490084004503
8 0.44154325798908806 0.4371698276608643 0.06469212782540922 0.13717848791894
5 0.42049883086515977 0.3685805837013943 0.0428682774746688 0.04156923876331518
5 0.519095869056898 0.2681215900233827 0.04676539360872944 0.04849744522386768
5 0.5140296180826188 0.4122282844028751 0.04130943102104439 0.05126872780808874
5 0.5475448168355417 0.6436303801853296 0.035074045206547166 0.0540400103923097
2 0.6196414653156664 0.3374036546289079 0.029618082618861976 0.05404001039230973
2 0.4325798908807482 0.26257902485494067 0.028059236165237707 0.04849744522386768
2 0.3893219017926734 0.1690482376374816 0.027279812938425536 0.044340521347536174
2 0.5436477007014809 0.06373949943708322 0.030397505845674147 0.06096821685286221
