0 0.8149762282091916 0.4085226272231026 0.0736925515055468 0.14932206374361684
7 0.5031695721077655 0.3345659447085755 0.08240887480190168 0.08874801901743258
7 0.1980982567353407 0.7557668603627399 0.0792393026941363 0.09720021130480717
4 0.4068938193343898 0.41838351822503966 0.034072900158478664 0.08170452544462047
4 0.4298732171156894 0.3240007043493573 0.029318541996830448 0.06198274344074662
4 0.41838351822503966 0.2359570346892058 0.03328050713153722 0.05775664729705934
4 0.47979397781299526 0.2761049480542349 0.03090332805071313 0.07606973058637082
4 0.45602218700475433 0.4000704349357281 0.029318541996830375 0.05916534601162177
4 0.46354992076069734 0.4937488994541293 0.028526148969889035 0.06339144215530901
4 0.5103011093502378 0.4388096495861947 0.030110935023771716 0.06620883958443385
4 0.5503169572107766 0.5085402359570347 0.0309033280507132 0.05353055115337206
4 0.5732963549920761 0.4169748195104772 0.03407290015847863 0.08170452544462052
1 0.7012678288431061 0.40218348300757173 0.03169572107765461 0.046487057580560036
9 0.7369255150554676 0.05071315372424722 0.06656101426307444 0.10142630744849444
9 0.8605388272583201 0.24229617890473676 0.05546751188589539 0.10142630744849444
9 0.13510301109350237 0.24440922697658027 0.061014263074484945 0.09438281387568226
