0 0.14807046979865773 0.4161073825503355 0.06459731543624163 0.1431767337807606
4 0.20427852348993292 0.21327367636092467 0.034395973154362415 0.06263982102908276
4 0.7911073825503355 0.633855331841909 0.030201342281879137 0.07158836689038033
4 0.7659395973154361 0.7434750186428039 0.02348993288590606 0.05816554809843396
3 0.13464765100671142 0.27889634601044 0.0679530201342282 0.10439970171513799
3 0.19588926174496643 0.16554809843400448 0.06459731543624163 0.10439970171513796
3 0.13087248322147652 0.16256524981357195 0.06711409395973156 0.10439970171513796
3 0.8636744904585669 0.7046979865771812 0.06124161073825504 0.10887397464578669
3 0.8670302013422818 0.8173005219985086 0.06124161073825505 0.10738255033557052
3 0.8015939597315436 0.8150633855331841 0.06291946308724845 0.10290827740492176
