0 0.7084731543624162 0.27293064876957496 0.07130872483221495 0.14317673378076065
4 0.8569630872483223 0.09992542878448919 0.03271812080536904 0.06263982102908278
4 0.8460570469798657 0.7293064876957495 0.03439597315436245 0.08053691275167779
4 0.1363255033557047 0.7166293810589113 0.03775167785234901 0.07009694258016409
4 0.14303691275167785 0.13124533929903057 0.0343959731543624 0.07158836689038031
3 0.3791946308724832 0.3877703206562267 0.06711409395973156 0.11334824757643545
3 0.3183724832214765 0.49291573452647275 0.06627516778523489 0.11483967188665176
3 0.2562919463087248 0.4958985831469053 0.06124161073825505 0.11185682326621929
3 0.6216442953020134 0.6077554064131245 0.06711409395973149 0.11483967188665176
3 0.7453859060402683 0.4958985831469053 0.06124161073825505 0.09992542878448923
3 0.6812080536912751 0.494407158836689 0.06711409395973149 0.11782252050708429
