0 0.7494154325798909 0.11431540659911665 0.08651597817614956 0.14272105308738198
1 0.7369446609508964 0.27504979648393524 0.02727981293842561 0.04849744522386768
1 0.8795791114575215 0.7503247596778384 0.022603273577552586 0.04295488005542552
4 0.2529228371005456 0.33324673075257644 0.03195635229929849 0.06789642331341468
4 0.4886983632112238 0.2889062094050403 0.03585346843335934 0.07066770589763578
4 0.5814497272018707 0.35403135013423404 0.034294621979735 0.07343898848185677
4 0.7197973499610287 0.36511648047111805 0.030397505845674147 0.06789642331341468
4 0.5798908807482462 0.49883086515978176 0.032735775526110726 0.0692820646055253
4 0.4875292283710055 0.41915649086342777 0.035074045206547166 0.06789642331341483
4 0.4208885424785659 0.559799082012644 0.034294621979735 0.06373949943708325
4 0.25915822291504287 0.5771195981640252 0.04130943102104446 0.06789642331341468
