0 0.32476021039603964 0.2357673267326733 0.05221225247524753 0.13985148514851484
1 0.295521349009901 0.713490099009901 0.0229733910891089 0.04084158415841586
4 0.13261912128712872 0.1547029702970297 0.04803527227722773 0.042079207920792054
4 0.1594214108910891 0.22772277227722776 0.040377475247524754 0.039603960396039604
4 0.275680693069307 0.24628712871287128 0.04037747524752472 0.02970297029702973
4 0.27811726485148514 0.11943069306930693 0.03828898514851481 0.04579207920792078
4 0.39750928217821785 0.2834158415841584 0.0459467821782178 0.042079207920792075
4 0.5221225247524752 0.3607673267326733 0.041769801980198126 0.03836633663366335
4 0.5454439975247526 0.2679455445544554 0.043858292079208 0.05074257425742573
4 0.6418626237623762 0.25123762376237624 0.05012376237623755 0.042079207920792075
8 0.908493193069307 0.7574257425742573 0.07379331683168316 0.1633663366336633
8 0.11799969059405942 0.7778465346534653 0.07588180693069306 0.1522277227722772
