0 0.5611847233047544 0.6713432060275396 0.07326578332034295 0.12055079241361398
1 0.5557287607170693 0.7544816835541698 0.026500389711613438 0.056811292976530724
1 0.30592361652377237 0.6914350047631421 0.025720966484801204 0.05265436910019915
9 0.2505845674201091 0.8209924655754741 0.06936866718628214 0.10669437949250891
9 0.13016367887763056 0.8182211829912532 0.06547155105222136 0.10115181432406686
9 0.19056897895557287 0.15657746600848707 0.06157443491816055 0.09422360786351434
3 0.680826188620421 0.16835541699142634 0.06625097427903355 0.1122369446609509
3 0.6188620420888542 0.814757079760977 0.057677318784099825 0.10253745561617734
3 0.680826188620421 0.8182211829912532 0.06469212782540908 0.10669437949250878
3 0.9302416212003117 0.17320516151381313 0.0693686671862821 0.08313847752663031
3 0.8593141075604052 0.17666926474408937 0.06313328137178488 0.09006668398718282
3 0.803975058456742 0.7156837273750757 0.06469212782540908 0.08452411881874071
