0 0.2785234883864538 0.16778529404862128 0.0704697986577181 0.14168530947054436
8 0.8695469798657718 0.32513049962714397 0.08137583892617456 0.14615958240119314
3 0.43624161073825507 0.6181953765846383 0.07214765100671144 0.08202833706189402
3 0.49958053691275167 0.7263236390753169 0.0679530201342282 0.0835197613721104
3 0.5625 0.6219239373601789 0.06795302013422827 0.0835197613721104
4 0.5885067114093959 0.7017151379567488 0.04949664429530209 0.049217002237136424
3 0.3770973154362416 0.4891871737509322 0.07130872483221473 0.11931394481730052
3 0.43666107382550334 0.38478747203579416 0.06627516778523493 0.11633109619686806
3 0.5 0.2774049217002237 0.06879194630872483 0.11334824757643545
3 0.5595637676678542 0.38926173017911997 0.06711409395973156 0.10439970171513792
3 0.6212248353076294 0.4958985387849361 0.06627516778523493 0.10887397464578683
4 0.2978187919463087 0.49142431021625654 0.04697986577181215 0.046234153616703966
1 0.2772651006711409 0.343027591349739 0.034395973154362415 0.05667412378821773
