3 0.3796140939597315 0.384041759880686 0.06291946308724838 0.12378821774794929
3 0.3175335570469799 0.4921700223713647 0.06459731543624163 0.1193139448173006
3 0.7453859060402683 0.4981357196122297 0.06459731543624159 0.11036539895600299
3 0.683724832214765 0.48695003728560776 0.05872483221476514 0.1267710663683818
3 0.6199664429530202 0.6092468307233407 0.07382550335570472 0.12378821774794936
3 0.25293624161073824 0.4936614466815809 0.06627516778523489 0.11334824757643545
1 0.4375 0.38851603281133484 0.03439597315436231 0.06413124533929902
4 0.17323825503355705 0.6301267710663684 0.03607382550335569 0.06711409395973142
4 0.16149328859060405 0.2319164802386279 0.03607382550335569 0.07009694258016406
4 0.8171140939597317 0.2080536912751678 0.033557046979865814 0.06711409395973156
0 0.4614093959731544 0.6517524235645041 0.07046979865771817 0.14615958240119312
