0 0.44380414603960405 0.3502475247524752 0.05917388613861384 0.14108910891089108
1 0.45285426980198024 0.5315594059405941 0.028542698019802016 0.048267326732673296
4 0.3773205445544555 0.3094059405940594 0.034808168316831714 0.08168316831683167
4 0.5311726485148516 0.35457920792079206 0.03898514851485146 0.06559405940594061
4 0.5607595915841584 0.2660891089108911 0.028542698019802016 0.059405940594059424
4 0.6230662128712872 0.21472772277227722 0.025061881188118775 0.06559405940594061
2 0.32789294554455445 0.12623762376237624 0.033415841584158376 0.04455445544554454
2 0.1315748762376238 0.5018564356435643 0.02784653465346535 0.06311881188118817
4 0.16325030940594062 0.21967821782178215 0.03550433168316831 0.07054455445544555
4 0.16325030940594062 0.05693069306930694 0.029935024752475243 0.051980198019801985
8 0.11904393564356436 0.7797029702970297 0.07797029702970297 0.15594059405940597
8 0.9001392326732673 0.7580445544554456 0.06683168316831668 0.15470297029702962
