0 0.4932885921504591 0.43475026036465425 0.0654362416107383 0.14168530947054436
8 0.8787751677852349 0.546607009694258 0.07969798657718115 0.15659955257270688
3 0.4987416076453908 0.29306495089410983 0.06459731543624166 0.07904548844146159
3 0.5616610738255033 0.39970171513795677 0.06627516778523493 0.07457121551081286
3 0.6208053691275167 0.506338553318419 0.06375838926174496 0.07904548844146163
3 0.5604026845637583 0.6181953765846383 0.0687919463087249 0.08202833706189402
3 0.49874161073825507 0.7285607755406412 0.072986577181208 0.0850111856823267
3 0.43917785234899326 0.6129753914988815 0.06963087248322147 0.0835197613721104
3 0.37793624161073824 0.5078299776286354 0.06627516778523493 0.0760626398210291
3 0.43917785234899326 0.40044742729306493 0.06124161073825505 0.0760626398210291
