4 0.5213946117274167 0.4881141045958796 0.049128367670364596 0.04930445500968481
0 0.5519017432646592 0.42190526501144565 0.07210776545166411 0.16200035217467856
4 0.6283676703645008 0.4690966719492869 0.04278922345483366 0.047895756295122424
4 0.6624405705229794 0.39936608557844694 0.03961965134706816 0.043669660151435113
4 0.6711568938193344 0.293009332628984 0.03961965134706816 0.045078358865997536
4 0.6588748019017433 0.2021482655397077 0.048335974643423256 0.05493924986793452
4 0.6129160063391442 0.24159182954745553 0.05309033280507137 0.040852262722310295
4 0.5768621236133121 0.2979397781299524 0.04120443740095091 0.040852262722310295
4 0.6291600633914421 0.3331572459940131 0.0475435816164817 0.052121852438809596
4 0.6041996830427893 0.40500088043669663 0.04516640253565761 0.0324000704349357
4 0.5328843106180666 0.3402007395668251 0.04041204437400957 0.035217467864060624
3 0.3106180665610143 0.25497446733579854 0.07606973058637084 0.13241767916886776
3 0.12995245641838352 0.5817925691142808 0.07131537242472268 0.11833069202324353
