0 0.6090603995916996 0.30425058885876255 0.06711409395973142 0.14914243102162567
3 0.4987416169239834 0.2945563308423569 0.06963087248322147 0.08501118568232659
3 0.43833892617449666 0.39970171513795677 0.0679530201342282 0.08053691275167779
3 0.5604026845637583 0.3989560029828486 0.06375838926174496 0.07606263982102916
3 0.6191275167785234 0.506338553318419 0.06879194630872483 0.0820283370618941
3 0.5616610738255033 0.6189410887397464 0.06627516778523493 0.08053691275167779
3 0.37625838926174504 0.5093213427895591 0.06963087248322147 0.0820283370618941
3 0.4400167785234899 0.6167039522744221 0.07130872483221473 0.08202833706189416
3 0.4983221430117104 0.7278150929601793 0.06711409395973149 0.0835197613721104
2 0.6564597315436242 0.5958240119313944 0.0293624161073825 0.055182699478001425
4 0.8460570469798658 0.45712155108128266 0.04614093959731548 0.052199850857569036
4 0.7999161073825504 0.5033557046979865 0.04614093959731548 0.055182699478001425
4 0.7822986577181209 0.598806860551827 0.04278523489932894 0.04623415361670389
4 0.881711409395973 0.5891126025354214 0.04194630872483216 0.04175988068605513
