1 0.47651006711409394 0.17076808351976136 0.028523489932885938 0.05219985085756896
8 0.8657718120805369 0.5451155853840417 0.08892617449664442 0.12975391498881428
0 0.4836409395973154 0.11409395973154364 0.06291946308724831 0.12080536912751678
3 0.5008389261744967 0.2878448918717375 0.07214765100671137 0.10738255033557045
3 0.3766778477096971 0.48769571986606963 0.06375838926174496 0.11931394481730052
3 0.5616610738255033 0.40417598806860555 0.07634228187919455 0.08650260999254293
3 0.6208053691275167 0.5078299776286354 0.06375838926174496 0.07904548844146156
3 0.5629194630872483 0.6181953765846384 0.06543624161073822 0.07904548844146163
3 0.43791946308724833 0.6181953765846383 0.0687919463087249 0.08202833706189402
3 0.49916107382550334 0.7255779269202088 0.06879194630872476 0.07904548844146163
3 0.4395973154362416 0.40268456375838924 0.06879194630872483 0.0775540641312454
