0 0.17719780219780223 0.14652014652014653 0.09065934065934067 0.11355311355311354
1 0.19574175824175824 0.2527472527472528 0.04945054945054949 0.07326007326007328
1 0.39611950549450553 0.13736263736263737 0.0381181318681319 0.08424908424908426
4 0.17410714285714285 0.5366300366300366 0.04945054945054947 0.06593406593406591
4 0.21737637362637366 0.45879120879120877 0.053571428571428575 0.031135531135531094
4 0.173592032967033 0.42582417582417587 0.042239010989010985 0.05311355311355314
4 0.18646978021978022 0.3415750915750915 0.049450549450549414 0.045787545787545805
3 0.36881868131868134 0.6007326007326007 0.05975274725274723 0.058608058608058615
3 0.3739697802197803 0.4972527472527473 0.0721153846153846 0.06410256410256415
3 0.3786057692307692 0.3864468864468864 0.0649038461538462 0.07692307692307693
3 0.6155563186813187 0.6053113553113554 0.08344780219780205 0.07875457875457875
3 0.6181318681318682 0.5009157509157509 0.07417582417582423 0.06043956043956051
3 0.6212225274725275 0.3809523809523809 0.05769230769230767 0.09523809523809526
