0 0.37906095297029707 0.7673267326732673 0.06892017326732677 0.14356435643564353
1 0.3821936881188119 0.48514851485148514 0.027846534653465368 0.04455445544554457
4 0.15628867574257427 0.2308168316831683 0.043858292079207925 0.04331683168316833
4 0.18309096534653466 0.370049504950495 0.05290841584158414 0.05198019801980202
4 0.3682704207920792 0.39047029702970293 0.0459467821782178 0.04331683168316836
4 0.486618193069307 0.41460396039603964 0.04873143564356439 0.049504950495049445
4 0.5645884900990099 0.34962871287128716 0.04455445544554457 0.043316831683168286
4 0.6108833539603961 0.3094059405940594 0.048035272277227675 0.03960396039603964
8 0.9245049504950497 0.7431930693069307 0.06961633663366343 0.1596534653465345
8 0.12879022277227722 0.6095297029702971 0.08075495049504951 0.15470297029702976
