0 0.3692551505546751 0.7487233667899278 0.08082408874801907 0.14227857017080467
1 0.35618066561014267 0.6712449374889945 0.026148969889064944 0.04930445500968474
1 0.36450079239302696 0.3240007043493573 0.03486529318541997 0.06761753829899629
4 0.40610142630744844 0.40922697658038387 0.04516640253565768 0.04648705758055996
4 0.41996830427892234 0.25779186476492344 0.05388272583201271 0.05353055115337206
4 0.4013470681458003 0.15706990667371015 0.0530903328050713 0.06620883958443385
4 0.35301109350237714 0.11621764395139991 0.04833597464342319 0.054939249867934505
4 0.32646592709984146 0.1972178200387392 0.04754358161648178 0.04789575629512239
4 0.34072900158478603 0.28173974291248455 0.04912836767036449 0.0591653460116218
5 0.20047543581616487 0.22961789047367492 0.10142630744849457 0.14086987145624233
9 0.8609350237717908 0.599401303046311 0.06893819334389846 0.11973939073780591
9 0.7408874801901743 0.8100017608733933 0.06339144215530908 0.12678288431061802
9 0.13946117274167985 0.6050360979045607 0.0744849445324881 0.11410459587955621
9 0.2567353407290016 0.795914773727769 0.06339144215530905 0.10706110230674426
