0 0.32963335396039606 0.4752475247524752 0.06056621287128717 0.1534653465346535
1 0.30770420792079206 0.6695544554455445 0.020884900990099063 0.049504950495049514
1 0.25514387376237624 0.8224009900990099 0.020188737623762377 0.04579207920792072
4 0.3539990717821782 0.21287128712871287 0.03271967821782184 0.07920792079207921
4 0.5374381188118812 0.3477722772277228 0.03480816831683164 0.061881188118811895
4 0.5659808168316832 0.2685643564356435 0.029238861386138668 0.06435643564356436
4 0.619585396039604 0.2073019801980198 0.036200495049504934 0.05816831683168317
4 0.14097308168316833 0.17883663366336633 0.02715037128712872 0.05816831683168319
4 0.10407642326732675 0.10643564356435643 0.02715037128712872 0.06188118811881188
8 0.14166924504950498 0.7147277227722774 0.07309715346534654 0.16212871287128722
8 0.8635906559405941 0.7586633663366337 0.0703125 0.15841584158415828
