0 0.2248322194043969 0.3169276067716621 0.06711409395973153 0.13870246085011184
1 0.22986577490494475 0.4638329604772558 0.03355704697986578 0.05369127516778519
2 0.22776845637583892 0.6122296793437733 0.031040268456375843 0.055182699478001494
3 0.37919464169750783 0.494407158836689 0.0704697986577181 0.10887397464578674
3 0.4354026845637584 0.38478751639776354 0.06879194630872483 0.11633109619686804
3 0.49874161073825507 0.28038777032065626 0.066275167785235 0.11633109619686806
3 0.6199664429530201 0.49515287099179717 0.0704697986577181 0.11633109619686799
8 0.5348154362416108 0.4258016405667412 0.07130872483221473 0.12975391498881436
3 0.5637583892617449 0.384041759880686 0.05872483221476507 0.09395973154362416
2 0.7915268456375838 0.6077554064131245 0.03104026845637577 0.05219985085756889
4 0.6291946308724832 0.6972408650260999 0.04865771812080531 0.049217002237136424
3 0.43875838926174493 0.615958240119314 0.062080536912751685 0.0835197613721104
3 0.5608221476510067 0.616703952274422 0.06963087248322154 0.07307979120059656
3 0.49916107382550334 0.7263236390753169 0.07214765100671137 0.0835197613721104
