0 0.735931 0.680645 0.025974 0.038710
0 0.125541 0.941935 0.025974 0.038710
1 0.910173 0.882258 0.041126 0.048387
1 0.635281 0.259677 0.041126 0.048387
1 0.901515 0.596774 0.041126 0.032258
2 0.458874 0.682258 0.060606 0.087097
2 0.694805 0.812903 0.060606 0.090323
2 0.496753 0.158065 0.058442 0.090323
2 0.281385 0.837097 0.060606 0.087097
2 0.829004 0.941935 0.060606 0.090323
2 0.771645 0.564516 0.058442 0.090323
2 0.673160 0.574194 0.060606 0.090323
2 0.620130 0.316129 0.058442 0.090323
3 0.852814 0.124194 0.060606 0.106452