1 0.979437 0.529032 0.041126 0.032258
1 0.596320 0.146774 0.041126 0.048387
1 0.148268 0.529032 0.041126 0.032258
1 0.420996 0.217742 0.041126 0.048387
1 0.048701 0.929032 0.041126 0.032258
1 0.369048 0.775806 0.041126 0.048387
2 0.950216 0.709677 0.060606 0.090323
2 0.768398 0.866129 0.060606 0.087097
2 0.766234 0.267742 0.060606 0.090323
2 0.158009 0.072581 0.060606 0.087097
2 0.798701 0.706452 0.060606 0.090323
2 0.041126 0.846774 0.060606 0.087097
2 0.094156 0.625806 0.058442 0.090323
2 0.512987 0.367742 0.060606 0.090323
2 0.093074 0.795161 0.060606 0.087097
3 0.538961 0.788710 0.060606 0.106452