0 0.852814 0.241935 0.025974 0.038710
0 0.474026 0.096774 0.025974 0.038710
0 0.971861 0.400000 0.025974 0.038710
1 0.778139 0.104839 0.041126 0.048387
1 0.334416 0.761290 0.041126 0.032258
2 0.268398 0.303226 0.060606 0.090323
2 0.364719 0.232258 0.058442 0.090323
2 0.670996 0.212903 0.060606 0.090323
2 0.537879 0.190323 0.058442 0.090323
2 0.192641 0.045161 0.060606 0.090323
2 0.734848 0.841935 0.058442 0.090323
2 0.098485 0.893548 0.058442 0.090323
2 0.606061 0.814516 0.060606 0.087097
2 0.651515 0.424194 0.060606 0.087097
3 0.329004 0.559677 0.060606 0.106452