1 0.312771 0.733871 0.041126 0.048387
1 0.639610 0.175806 0.041126 0.048387
1 0.687229 0.111290 0.041126 0.048387
1 0.721861 0.085484 0.041126 0.048387
2 0.193723 0.796774 0.058442 0.090323
2 0.524892 0.193548 0.058442 0.090323
2 0.687229 0.554839 0.058442 0.090323
2 0.709957 0.761290 0.060606 0.090323
2 0.574675 0.506452 0.058442 0.090323
2 0.150433 0.154839 0.058442 0.090323
2 0.970779 0.116129 0.058442 0.090323
2 0.279221 0.629032 0.060606 0.090323
2 0.534632 0.479032 0.060606 0.087097
3 0.049784 0.346774 0.060606 0.106452