0 0.359307 0.948387 0.025974 0.038710
0 0.251082 0.890323 0.025974 0.038710
1 0.345238 0.798387 0.041126 0.048387
1 0.845238 0.524194 0.041126 0.048387
1 0.600649 0.779032 0.041126 0.048387
2 0.048701 0.948387 0.058442 0.090323
2 0.282468 0.767742 0.058442 0.090323
2 0.913420 0.308065 0.060606 0.087097
2 0.588745 0.148387 0.060606 0.090323
2 0.324675 0.256452 0.060606 0.087097
2 0.212121 0.487097 0.060606 0.090323
2 0.465368 0.920968 0.060606 0.087097
2 0.206710 0.554839 0.058442 0.090323
2 0.705628 0.409677 0.060606 0.090323
3 0.720779 0.079032 0.060606 0.106452