1 0.933983 0.506452 0.041126 0.032258
1 0.100649 0.611290 0.041126 0.048387
1 0.074675 0.461290 0.041126 0.032258
1 0.169913 0.117742 0.041126 0.048387
1 0.676407 0.377419 0.041126 0.032258
1 0.583333 0.900000 0.041126 0.032258
2 0.508658 0.459677 0.060606 0.087097
2 0.043290 0.514516 0.060606 0.087097
2 0.040043 0.303226 0.058442 0.090323
2 0.192641 0.798387 0.060606 0.087097
2 0.376623 0.953226 0.060606 0.087097
2 0.841991 0.435484 0.060606 0.090323
2 0.139610 0.916129 0.058442 0.090323
2 0.745671 0.335484 0.058442 0.090323
3 0.090909 0.511290 0.060606 0.106452