0 0.227273 0.806452 0.025974 0.038710
1 0.124459 0.069355 0.041126 0.048387
1 0.340909 0.370968 0.041126 0.032258
1 0.728355 0.098387 0.041126 0.048387
1 0.050866 0.467742 0.041126 0.032258
1 0.929654 0.517742 0.041126 0.048387
1 0.678571 0.583871 0.041126 0.032258
2 0.537879 0.832258 0.058442 0.090323
2 0.385281 0.529032 0.060606 0.090323
2 0.803030 0.316129 0.060606 0.090323
2 0.458874 0.541935 0.060606 0.090323
2 0.673160 0.588710 0.060606 0.087097
2 0.238095 0.403226 0.060606 0.090323
2 0.207792 0.164516 0.060606 0.090323
3 0.147186 0.404839 0.060606 0.106452