0 0.290043 0.919355 0.025974 0.038710
1 0.895022 0.325806 0.041126 0.032258
1 0.156926 0.366129 0.041126 0.048387
1 0.771645 0.687097 0.041126 0.032258
1 0.979437 0.119355 0.041126 0.032258
1 0.429654 0.633871 0.041126 0.048387
1 0.678571 0.835484 0.041126 0.032258
2 0.165584 0.045161 0.058442 0.090323
2 0.878788 0.291935 0.060606 0.087097
2 0.073593 0.062903 0.060606 0.087097
2 0.702381 0.690323 0.058442 0.090323
2 0.871212 0.783871 0.058442 0.090323
2 0.647186 0.861290 0.060606 0.090323
2 0.756494 0.183871 0.058442 0.090323
3 0.543290 0.414516 0.060606 0.106452